41617
12183
80243
3718
79111
77365
81704
24884
54320
11108
17081
94124
75279
51974
58561
56295
37471
31901
15014
94987
34665
27918
64080
34986
81994
89401
52103
94869
74566
3228
62011
52565
80173
50717
4547
9575
48293
40721
24846
27994
36243
59025
87267
61124
33008
76147
97080
53067
25834
51711
26809
1998
97401
74981
27279
13698
48103
45256
21723
89710
25262
86835
50318
51092
49096
64515
13950
24562
47427
48986
8001
96750
7054
87019
58744
75639
40651
2955
1977
5846
92320
99035
69034
22855
76418
60013
55164
5192
23437
90848
61471
3036
18997
35135
2732
49408
8707
36175
12028
68492
62197
72517
5639
76848
43709
30059
94943
10381
16236
51639
73047
45147
43278
15876
97389
26226
17800
27463
74673
89082
9351
8757
1124
56578
87514
4964
77752
71918
84287
9336
66932
4476
90927
33485
43649
19802
93396
92186
79145
46359
65070
44782
88955
71797
17801
16324
59758
3120
37745
76506
31607
81244
61501
22946
59141
53439
71393
49060
89333
38744
52307
23024
26094
6900
84707
68570
54220
9793
72227
77587
32830
25613
48317
28314
24011
64569
19802
29327
38776
71189
45206
74631
34172
7781
77728
85687
42974
67980
74343
90210
48409
44335
2852
40400
94051
42046
18687
82054
87089
49230
62104
49964
30893
60158
43675
5994
32926
33186
98935
94571
33637
42066
10284
18143
93538
77675
88851
18313
29172
99019
25596
86240
35449
82017
29177
88495
22760
7916
34262
81965
45881
37747
42237
89546
9085
95242
43738
74013
64105
71734
52761
9788
69045
79772
56572
6343
34051
84709
46862
16376
53194
373
52882
88070
23634
75864
14514
48876
30981
55180
83233
25009
98924
16970
48689
95890
99829
20738
9058
98295
33937
14837
54208
57438
46258
15808
17194
55677
25444
22833
54443
38051
61054
17886
28770
45507
84864
54166
65911
33221
80728
94861
43032
8924
88500
27751
10863
52075
31082
60682
6514
13313
75650
48567
82439
38356
46165
95444
41811
7826
58669
58836
23431
8147
736
45181
63955
81037
88199
3182
11025
45662
54826
75836
17567
39075
71805
45283
68937
18507
4944
65119
24595
64762
16319
41130
62400
12486
35447
90413
99342
89420
12355
58084
74552
21891
71430
34884
8187
43319
63795
29826
63875
27900
49656
60852
58486
99814
31000
43363
66551
881
26506
23304
2882
93549
34240
58669
91828
59605
82780
51469
45590
97785
3839
21605
33306
96742
1284
95675
67645
36920
37096
25618
54711
75117
1244
96695
15106
55466
82644
62586
81486
92083
23861
98460
62913
89051
55201
81002
87651
12761
43056
48581
60538
12326
84236
66090
24060
28050
27545
61743
98529
35325
75718
29631
63785
888
68592
27765
92305
37545
43563
36361
76961
20193
69982
53506
73923
5379
58692
44255
41541
20281
8024
54883
93864
88514
65079
42385
90881
35153
72635
87055
27920
20900
64056
46161
16365
94230
34674
62024
20458
27436
88697
50105
69198
6694
71620
40344
42344
30729
92166
18681
69358
83290
20202
78248
27301
20834
35766
75271
35809
26207
36883
57151
64910
56507
8440
56060
56136
23821
37141
79693
70704
96667
23796
14104
31584
57918
85685
87170
16893
24734
41
60152
42987
53953
17696
44630
698
85808
18860
95530
58463
59403
26215
94251
90552
31545
85195
12690
98253
15560
84207
18522
93588
12473
47977
72691
59493
6097
46663
69382
35149
48596
58378
11074
26166
76731
14163
10956
38811
63810
55361
70328
4960
41610
21229
11300
70451
29545
23552
38
72722
72995
88916
1332
40527
81518
66563
30514
5976
45004
85136
94600
39145
49477
60381
9867
1024
15141
68085
13821
17381
74239
73878
34442
60198
13879
13562
51977
91244
36676
2239
29948
82545
46625
96660
62153
59679
57045
70547
44648
10167
83649
4979
93806
78674
60760
31182
55483
81229
11361
10275
55310
61460
9730
82656
98482
99116
54474
41134
26647
67955
14586
39270
69299
42764
55187
12055
92519
52816
98227
50187
43979
44594
23436
3653
33732
69259
80072
55768
99437
82696
58078
70747
79882
26400
46929
68488
72814
63968
98178
63037
5205
15911
43899
76692
95581
44379
35679
51041
23486
48705
38663
2667
83001
61174
66296
10715
38023
6077
48924
29222
19043
98705
