43950
9877
43838
59388
42899
95834
86698
39240
28551
54638
35190
44982
28067
694
46744
8072
89352
33579
29030
32282
50732
44033
55411
87745
18707
60103
36214
30465
66737
15044
68955
43993
6500
74215
99949
66814
51742
84991
92780
55206
36787
9465
10111
48028
47811
16192
38229
10020
91278
98004
59571
95643
90013
66422
90963
99916
54465
56092
40680
82795
59620
56233
72502
13507
85683
91196
38481
53852
745
79929
56329
4361
40799
73824
95494
41267
33922
7382
39934
2515
21874
26193
39186
68732
55472
73311
53980
40077
83251
32
12349
95650
44310
9984
95586
80554
36962
96604
62345
56614
77710
84376
9275
11349
41675
55209
54844
16189
70928
49696
65994
47082
16158
38165
60920
33427
17046
3770
58034
12371
37216
98404
70600
713
67580
60679
60051
30814
78238
14939
4305
37317
45037
83319
24804
37497
16918
27837
27057
262
18467
37791
69148
33555
34037
65266
79491
6145
49063
62159
63508
33192
38569
49974
19397
79305
13776
8561
43769
80995
95158
24030
37951
55988
45391
28676
2045
32838
13360
23423
16508
89209
76712
57772
93903
99425
29255
37044
66676
2314
81187
53905
81750
16078
51431
71113
98748
95062
63921
45498
23721
8356
84068
46061
5104
94437
99840
13160
88164
5360
63220
46653
92785
25640
45650
74299
56479
80797
56070
19972
50050
76732
41885
41455
99807
41252
42279
21872
4557
74278
29928
6982
68916
67861
99701
8151
5140
30650
52667
99466
99585
16095
48879
61315
39093
34534
61120
56109
70428
77131
14633
17951
38991
43949
95448
46988
66471
42612
46253
63851
52157
77968
8602
13886
75432
56237
77736
24923
25938
37498
69158
25828
28129
56604
20386
33954
27852
80569
2361
65273
80132
86170
51443
27425
59644
11977
67990
24966
72412
52712
41680
62527
84397
88816
47308
21617
7492
34993
85883
82855
56798
36196
30170
32929
7973
88804
89821
82387
23562
61494
19136
85901
40251
80980
83719
65987
26524
81177
54242
63455
88246
52769
52511
73225
95818
6630
41431
39313
9296
98769
26461
92859
94686
19505
8475
43935
55999
18513
19452
70839
22155
85603
1403
10918
33576
55778
22276
3416
5096
81320
95092
26315
80751
22428
94609
4028
83685
56944
37111
1342
47373
50507
73090
24793
35032
26277
91215
20745
72505
39783
9987
8010
61724
83402
41299
2642
51365
41592
39649
40039
84354
38014
34216
27975
3676
145
12107
72257
24896
4446
60250
99055
81402
18109
23466
71647
12512
76610
75885
7298
64563
1531
30911
65313
71333
87082
64591
97348
81128
91966
52662
42092
17294
97071
16988
9358
16291
45115
21117
34886
14169
18957
95848
68059
79533
10932
26608
43614
59935
69651
90129
74755
65707
32351
75476
82822
7103
68903
56642
16594
35554
14759
91129
32930
51783
18157
81760
84330
1121
14107
55356
67397
55493
40998
93129
45606
5682
62852
85779
60401
60474
20976
37412
11477
1836
77907
76385
84943
21595
34165
2254
47387
88473
4522
99332
99410
27828
62918
16275
61375
29171
42277
42493
45828
14295
