19262
24708
39221
29869
77140
44251
83124
96241
56120
14578
77346
79651
31094
73876
41772
96816
62735
66955
11852
7969
78924
50970
41666
93718
17777
42764
46576
24403
31229
18196
78482
91584
97181
79104
58645
51677
45721
91725
57025
58003
64263
92232
48402
84754
22064
48176
31824
42399
19603
32355
79542
75537
33975
6325
43807
68291
83042
45503
12091
34376
97674
58720
65011
37923
36095
85761
82470
51990
15230
90095
51094
71009
9930
53849
43706
86692
2567
56911
71654
69601
10939
4177
4800
98873
38654
2945
57609
90855
35296
90353
68634
218
79633
22648
60328
5542
27220
10479
48659
36302
65706
79834
27168
29507
81260
8532
65607
80126
62619
57115
65724
26130
73848
42490
23436
93497
53919
66137
99268
33149
28152
91614
16693
24877
21460
50875
91375
87281
93520
38163
59472
92088
8252
35352
3895
31105
77009
75292
17613
30121
37338
77482
28236
78180
24629
42504
26370
37143
99211
66831
51623
61082
11210
15509
8149
74091
63140
2290
8047
30384
17157
78325
86605
24455
97643
73635
17878
38496
38594
92331
16488
78626
48524
69147
95811
50669
63378
38512
248
78955
24505
54232
88070
26689
86540
98389
80878
92742
27203
29803
67964
74718
67245
87228
12964
59013
90877
3780
80537
50993
24626
87874
98548
6880
50342
72996
12557
42063
19697
57479
10713
24627
2042
29091
5879
62924
90254
59916
37915
99253
92757
25135
11292
8790
24366
41769
11381
61296
56182
36798
59792
59598
57974
49254
54329
36631
55683
81189
76346
13543
85831
38815
73045
69723
19090
43337
72676
38154
81349
50039
68758
30961
65864
81284
58236
99491
76581
89757
82513
8572
61615
51261
85880
82898
97686
51115
66652
52787
74762
69247
7241
9065
83569
24372
13421
53941
52090
41569
89700
81029
69093
73227
79947
6142
68040
28831
93733
76690
91018
54838
60050
65925
98676
67773
51928
34570
52934
90146
72036
67975
76684
19888
63391
12101
