34151
88857
71133
24710
99120
83875
76931
28062
19554
65328
72886
97254
62117
48075
97086
62335
57978
71244
75439
74789
54973
56568
72439
38611
55407
81332
66197
19486
84691
80420
12751
59398
10322
74495
2101
41510
49375
22025
45118
7693
66938
91645
85286
28392
4646
80938
94502
88095
60331
24729
84151
96394
20212
19974
4555
77583
16418
32521
69303
17787
17678
57445
43370
39133
52576
13488
86932
87621
45974
55575
12960
35953
26126
67746
7850
63327
71281
44047
33965
74469
86829
78102
59154
59961
96269
16357
39185
90347
69940
24518
25092
16853
52721
27330
90015
9493
48275
46152
75815
91157
94005
6881
42120
4755
11769
48198
70267
52465
12124
41228
6301
72370
98555
94834
30957
39576
98290
83408
42864
36218
74302
96585
17681
21456
30483
96107
83231
98796
77731
98357
15052
25128
68231
42808
80463
79948
35981
54399
48192
48070
46090
86720
78223
28711
18216
52721
18297
57887
96372
50439
11202
64866
3288
39597
16854
97420
89199
20664
74272
15661
64966
71471
74733
13766
26176
81173
4139
55747
14370
51009
3594
43891
35215
94793
90128
87582
18362
88969
3240
77761
77809
25344
2423
27292
87154
50185
21840
28634
25953
83042
90748
15317
80127
32531
83104
74618
11986
64456
2535
37042
48582
62550
43516
45362
46844
67311
29650
8494
49469
29272
79058
230
17424
96510
37852
39621
69047
47441
26611
75990
59333
75505
29793
31328
60260
88277
63763
2684
11689
15509
75595
53905
86434
66197
29178
15258
81827
57060
80447
19842
20535
13345
79164
96681
3983
90518
97892
83616
94678
43482
5571
64545
37844
26544
77709
73077
32756
12188
85102
58567
3547
26966
96804
33960
53676
25153
13795
51227
67332
22593
57794
11986
66993
6769
55455
45987
96340
33112
27344
69742
90384
80147
8006
68206
9937
11049
16060
59889
88487
56101
82502
69639
71958
21880
16294
93569
16540
45204
43004
78830
76722
46665
16283
72084
85688
93585
97552
31075
71089
31722
76737
99644
84844
15359
68182
23400
18959
28598
24022
42627
9092
53906
62739
11230
40091
88155
40027
45112
90474
61886
29446
51135
90108
48513
93019
43718
63863
35921
82518
16352
13497
84985
88799
56765
79364
82858
84794
56598
53697
92894
74609
87942
21182
377
69738
22816
83925
5053
31992
97533
53557
52439
40601
9203
2276
25601
9535
36330
22340
24463
59536
83038
46079
7669
29129
24106
65106
5974
31866
57233
3360
83429
91414
97579
87276
41503
29953
89730
78774
70203
59792
58810
3928
84985
62795
61058
44384
79596
54488
53763
73322
48463
34258
29233
33358
91570
41862
13512
71247
45631
57709
77951
73186
74759
94172
70128
61024
43021
21926
60772
95647
19804
57556
52136
64671
725
79109
61094
44874
68071
79722
85510
51485
78103
83911
54896
49170
62180
64221
95706
99640
16441
18483
33142
12494
81841
85624
29169
90812
92666
33
1362
57669
93716
58115
53517
90907
82122
64562
32632
12461
80768
68637
3176
65909
72198
26465
95083
90847
39276
20957
98843
78800
26220
61131
79205
1321
24413
39642
82829
15101
49940
70282
52207
68037
78360
27840
57769
19987
30393
63988
67048
97617
31589
83244
18872
47804
15306
67233
40295
55376
90541
38321
51536
71709
1189
22562
31449
32584
78909
52195
66494
42479
81733
17530
62521
10485
16429
35139
87548
44358
68695
75095
60454
75287
53909
1225
47211
42975
42259
31401
86015
57179
99346
27452
24560
11618
18745
80498
66847
55797
96391
25184
41078
78197
97494
24568
15884
14058
20723
8386
31374
80166
79685
95937
86680
15445
77867
76248
17799
99963
75351
88473
90325
47507
66180
9315
43133
54280
92969
50902
91740
35930
68291
31750
47967
43510
34016
82256
77793
29340
85341
33152
22252
33872
26
5849
77494
3409
40772
9114
33750
42497
62699
66883
80446
7917
34859
93570
12017
88179
81435
61603
21088
69820
16646
95443
11874
47934
47969
43169
81429
95611
98455
88458
14622
42198
66221
56452
47481
60331
31820
39723
13508
83855
17152
49242
73231
1408
51303
40050
8651
40446
70238
89614
