61126
999
47626
92597
96201
23385
1717
94172
66765
26496
30401
36933
19874
51534
47673
67587
42812
16761
41615
91797
19590
61827
16829
45659
76745
40161
36012
15829
44906
50862
75511
27145
59564
75590
47792
28913
43022
19085
99025
8238
94413
23798
14975
94890
9020
61388
10225
3199
44363
28403
49822
23561
88459
94188
48828
99299
84170
1967
15852
56040
87372
85887
49265
15902
50984
3256
77368
44284
3741
18760
24564
23726
17736
33376
97384
95791
46852
21939
36638
15356
29935
32813
71466
16503
1039
51950
38686
65375
26761
48493
44743
41055
3233
42985
20866
8525
74532
99072
43905
5763
84019
65940
99458
25603
3839
26096
5824
55082
96804
53036
52446
62231
65328
495
26104
54559
14421
32762
14863
99034
64570
11992
17523
55247
74016
83508
20493
74751
12509
88859
21258
47780
78033
30875
31336
63994
33354
45862
12663
74943
46125
83603
68571
73724
96047
82512
75726
2737
16880
66307
94104
41770
84208
44871
41192
72027
48417
44211
51586
20330
5602
31073
42572
7945
31777
4665
84197
34453
69158
62110
21204
68558
20098
39919
52908
80967
43420
43798
59200
91504
7782
17755
57870
46202
94754
79488
63571
33161
89682
59309
15576
89143
94275
92332
69340
15051
41031
60626
41946
91381
98314
41273
33579
54769
45102
25545
21671
44289
91962
60225
28607
4618
85010
60082
12548
87847
73202
96369
13190
52289
41093
51036
44770
9849
46533
32061
74283
27766
70578
37856
39936
82794
1852
67818
93190
66509
84176
3101
1100
69209
57817
19282
41198
29456
30702
10958
4132
34193
79784
81493
41849
44661
47436
89657
50287
47278
96502
23730
8236
13041
51262
93905
73710
54106
20289
45813
2766
17192
66892
46039
3671
70101
95269
43980
94472
21811
9837
15313
79147
35575
27928
40089
47982
89085
96007
95274
35357
12194
17531
45911
70006
60446
94864
88058
17947
63912
45572
87092
9167
84889
8191
86940
67301
33744
77822
71747
49391
3455
95185
28476
37441
81188
44583
72660
85112
11172
45922
84625
58098
25014
10455
90571
99661
20980
76032
43225
75236
7211
26032
30559
76239
22744
6146
94257
27383
40988
72787
14237
11263
24259
45883
31901
17009
89054
8470
88818
15862
22204
2945
6775
17989
60947
28994
84152
74433
17619
87279
46321
57712
34597
96511
42180
77423
64625
52237
14696
75041
50325
45276
44124
38384
31685
73361
33839
79131
78553
73562
10606
12510
87214
27362
53032
4265
19257
12570
15291
93749
21994
19824
9764
53709
26466
56525
76665
27748
3702
54478
52384
36817
93773
13776
65537
76927
58821
68390
86303
87585
95155
5020
95880
44057
76672
33810
70497
7234
43478
37915
58166
52054
36945
20946
53046
30500
35512
90415
11918
75160
96696
6090
75429
24075
21178
73788
18736
73437
61824
76104
45444
50867
26267
27706
98594
16974
23944
65706
77036
92655
86027
69431
84269
65787
96312
329
99872
72826
60729
35036
41414
68405
56471
11142
90889
89064
29591
71804
22879
2884
15074
97060
45410
67374
92471
7298
25787
9238
22352
36072
6556
69805
13379
19262
89133
27264
21821
9641
27763
20848
73915
45910
12707
26787
34689
77038
94395
15124
36817
9530
87382
52139
42827
74151
77581
88966
24020
16895
73316
89013
74542
90634
50474
24657
28480
71609
55026
37209
22009
63624
67243
19949
44041
2030
28969
69163
84352
18622
32684
15432
12903
10662
72420
12821
48689
54417
26977
39227
41681
166
3244
4926
36324
38749
46305
83280
95436
88050
98307
63080
22011
57186
93114
73193
42287
67433
8097
40797
45182
8417
4614
5397
84211
57883
76110
63879
18214
37652
75967
74063
44631
15799
95528
21843
60380
62316
83625
5292
55724
45688
73727
96301
20315
69603
93421
55716
17548
99227
70534
81256
46319
86180
94044
33263
95551
97846
20714
78441
62638
82425
65066
57783
12083
24244
18449
6212
61658
71271
12813
79970
83808
2805
85072
99494
34689
8312
85082
14607
64462
20393
46331
18986
67117
94710
27743
58450
21754
62264
26291
62533
41602
5183
42653
73298
80621
15944
84218
96071
51154
87209
94058
46276
86413
90564
97448
43514
1108
94550
98573
87239
12764
6107
13979
42245
36094
46079
90666
17372
96500
59998
84457
99393
44979
50279
38368
78624
60152
11773
18873
18745
24093
89010
63453
77252
26335
54
32573
76553
97262
84229
57342
27204
63691
39052
49769
35494
91204
408
37204
34541
25277
66846
99571
91155
2751
94665
1297
36133
52196
18824
83362
89334
75676
79827
63145
23753
42653
36726
15909
36039
13506
14112
20110
12271
2655
57253
35701
5927
