7463
39192
88929
67565
91072
32429
6742
63758
46267
39976
90704
94134
38892
30614
78148
29586
7190
38959
98540
63426
88248
60238
56891
99455
16230
55290
75756
79833
83143
52921
85034
84543
57182
13715
30561
23938
10271
8576
35407
91324
87209
2425
95441
12484
90038
62584
64178
41022
58839
81329
44799
47735
64038
17932
58260
47224
82301
89473
51334
35782
56672
26908
80615
93345
54941
6161
36951
25176
53
54210
19315
98613
3551
7215
76216
85822
64797
44407
9416
53645
91111
34734
20994
1813
8121
37298
20504
39250
55455
83337
41637
20798
57241
99625
34652
60300
21809
2096
57542
83877
25632
39002
40969
4628
62014
46186
44183
56823
41715
72437
82427
37893
80056
97688
44670
21938
5914
78801
85223
17643
85656
97700
69721
16715
12573
98516
41372
3926
72563
15916
64012
62701
86864
25539
28013
52109
93764
16365
39798
61935
93114
63681
97535
83017
910
3743
40741
59552
54955
12714
54386
43008
16872
39899
98221
27932
69280
24253
92055
63497
4814
40257
84259
25798
8425
19725
51029
54517
69675
92560
28173
89548
39002
23288
24529
21974
164
86703
15805
8830
57774
81819
48970
59849
61530
21004
45829
46965
27318
80
82828
69511
24309
76301
57121
52856
79421
71737
74592
81184
52713
86224
89876
62394
84540
64837
4005
93583
15370
76246
27768
82576
8448
83225
5723
22994
91286
24410
64268
87420
73896
4064
27199
69595
9732
58662
65239
62701
66166
71672
42553
28427
12111
34620
56116
71550
91942
86576
75308
96692
16998
52245
31594
51071
72312
251
61062
41083
70578
34126
61570
55010
7468
87171
7287
48649
59025
20281
52661
25878
99597
41303
27416
43697
33693
99340
70465
73827
27109
34172
31052
4710
49102
67575
70421
21651
72469
76127
97283
9480
97599
24155
92123
32040
10102
87542
20959
24940
27332
7466
12524
71660
33914
49430
97095
75695
24828
87897
17378
72971
29786
87235
13974
36405
3073
56859
5908
39892
16749
85636
76180
82898
22998
43181
28278
75442
49180
95376
33595
46150
78381
45525
46494
19642
21648
59391
70795
99671
70480
94726
96822
84572
58749
24311
79694
10364
10180
55718
28966
53242
81633
81066
8190
41696
31286
29626
48662
90733
21151
21652
26514
29452
54301
71227
94590
84261
40740
94331
14756
43682
86063
6236
69412
22023
88813
91607
24149
98686
63486
17914
65261
93461
66409
80353
64516
97315
37334
4798
88356
92022
10728
80062
78520
48828
68211
67370
30271
87521
29720
95432
69623
15849
40961
85284
67178
75396
11654
86166
52883
39678
5477
49975
27246
3237
56390
33053
63042
73947
6710
97275
46926
35942
5975
22734
32953
6001
27716
20584
53811
21442
61336
36627
68966
68054
48290
49412
52499
81125
13174
89119
85661
51168
51915
48677
86544
60753
52816
75282
92437
35158
4328
56323
80811
32445
48506
33681
9873
18227
52330
61177
47680
91070
32355
31440
78341
68849
81009
59192
54946
6977
80553
81916
60773
17590
11613
95758
84027
57298
36189
72200
53184
52433
28146
18653
17113
5013
55816
36520
19547
14608
39539
34272
28795
51997
41439
94591
18812
20474
70335
17695
79743
93624
20336
85459
54604
22412
95550
63220
20832
52748
49654
52575
82038
80130
7992
95246
62923
13702
14326
73328
13033
44489
39644
40337
67438
46281
53121
8775
