81404
45542
54334
60011
82793
87546
40689
74986
9520
59330
60893
5447
26243
29944
89228
65581
38036
99687
35743
48570
28876
11881
32136
93446
74622
59526
35927
59029
88725
29987
47716
6688
10425
41741
72448
94231
52790
5339
78334
51744
57773
73385
31840
68716
43164
89939
5931
56613
43995
45951
95858
56562
78977
46068
5277
69523
13405
60888
85388
23267
51619
81660
86261
79533
11613
54204
95021
84501
57496
94997
12791
32697
21353
83999
90796
55490
80041
63419
50282
84682
53594
79313
15033
42774
34129
91153
27710
64356
36463
2925
80825
91901
19950
55067
124
76113
87124
52307
57103
88959
94917
21429
99117
48997
33159
63160
35209
94978
55271
49786
89481
49986
10605
706
69672
72306
66626
43486
45403
20459
26493
30665
48037
54571
14171
20890
12747
66285
83874
14683
68366
27733
6316
61323
89764
32164
80195
66036
9615
70968
55943
32732
9084
86677
13443
30838
81295
19243
85394
27818
9487
43637
6903
36643
62465
64252
73392
44546
34826
12268
50413
68923
11103
40588
81420
61747
43669
49282
10941
37507
92110
590
33871
74435
64515
93760
21580
61360
41127
83332
39594
93503
80890
56055
5195
24729
20830
69673
98857
25512
58772
35649
31209
97346
20555
87019
21629
68496
5256
51695
87169
32012
8302
47887
35708
8897
9765
32468
72127
68704
42671
12031
3418
51493
72674
56909
88033
55048
35393
56690
40917
73996
50425
85428
78734
56460
69380
36525
53879
77496
72131
53084
56103
89432
96163
7581
85201
33003
20346
96298
14963
88361
97546
30153
82840
46741
32231
79716
24671
63645
98986
66581
33102
48566
10777
13173
81587
22873
69152
79248
39517
73240
78588
94631
96572
89587
55928
13986
55329
65093
71708
55029
34701
39095
41727
52555
76449
20271
2588
31993
24229
89663
11853
90233
78509
5550
19981
7537
78654
82990
25993
62327
63850
41098
56781
41722
9773
2915
33580
93253
90812
18245
24387
59578
91937
43956
31879
94007
6838
58222
36723
61315
20285
37159
55019
49853
61387
88355
16121
91022
69605
48390
35331
72339
39099
9380
91179
93603
82313
4
42782
73534
86691
9335
41180
5984
65276
52274
98296
34552
73670
25973
698
20432
46267
64677
42042
26691
86078
6927
80334
21417
86793
42557
23647
42422
82913
52048
20478
82557
52777
38276
11693
6834
15439
63188
74624
10950
95978
49035
84577
9112
90059
81569
17352
43632
47692
14898
26071
74422
67338
64487
7524
75386
19669
21364
86741
44134
85687
98758
23070
13228
31795
15739
81774
35393
14279
93864
4993
83078
90053
31092
30713
37043
22349
71221
31358
