16973
46201
60464
4965
60851
20828
40910
4125
31903
45228
53781
94655
31936
64037
55822
21901
9154
73782
67563
10558
25002
29606
35910
94942
99722
6493
49567
20054
9759
68155
34239
17214
42491
20509
85699
57560
24049
52826
69183
78107
15609
62685
11282
49583
96514
33070
60261
22958
23101
3866
79128
74299
36489
99417
98340
87366
10290
65521
5242
54358
71261
20855
94366
63747
10988
36566
52163
11427
78338
98261
97852
56328
4598
89456
94949
62316
18324
86327
98428
66652
46231
26608
96952
5892
89027
59940
80724
43074
22168
98332
47270
58527
47583
14825
6846
94753
68318
47535
38594
59947
80906
48833
44619
24840
6014
22800
69701
47033
4468
36023
69042
23963
67092
38590
8126
44652
23903
88474
74719
51048
55841
9089
89258
80006
50991
39324
8745
89772
82610
195
93998
70789
47732
38480
85746
97397
81988
72112
99877
66227
90239
33691
38605
86145
29289
23306
91435
8993
6699
62193
70850
79843
72815
87546
4106
71816
59575
64613
73848
66689
14054
79928
64423
4272
42024
98253
76231
28612
52843
10728
62664
51790
88596
8492
60809
22150
70484
3112
50716
27685
47889
99751
83073
20416
29345
14154
97973
60185
34374
13930
37822
17375
98264
33188
52172
10310
69268
34332
44120
31036
47074
62822
56149
95970
99529
19059
91247
64323
26736
81955
1331
56462
13897
46162
18800
14303
96854
44006
74927
27870
279
16045
94238
38913
72905
45289
53526
55408
56320
50499
52882
36151
58992
19679
80611
85066
43602
87102
20887
10286
22907
33650
33449
52418
12598
81360
3477
52101
14387
37869
13455
25261
59405
16250
30756
31028
68584
17235
23065
54240
65533
35838
8002
76237
29073
65180
97470
94217
65551
33733
70700
9752
23119
64641
4963
66629
82596
41819
26315
91545
41811
1424
41020
18451
37043
27620
76746
42742
88922
49582
16481
26366
64037
66646
44752
87068
25647
57211
23344
47418
83890
9260
86550
80654
67168
3703
2142
94764
11286
64127
