26765
90920
31519
12429
64108
94817
89551
39194
1452
88433
54727
5294
15969
17251
44334
45714
56472
19888
17894
40981
25384
18474
78897
7655
32551
14874
60366
51282
33339
25478
81981
31455
24795
1150
89716
35446
32517
54217
80644
92250
36095
18017
21892
58984
29162
3965
70581
63402
22834
57988
45669
74876
93392
23146
23047
8290
12022
23864
79877
49234
34451
38269
5854
75974
6452
23272
80499
14818
27534
8887
13196
2254
39244
25643
4885
7366
96582
19913
78493
28585
44293
96964
28448
75350
79809
7105
38063
1648
78102
81426
23424
8653
74339
31409
57799
97826
12163
45918
52531
5890
23465
55762
35867
13947
44791
43414
35632
67748
18260
15681
11707
92109
45371
51292
4941
37487
9820
30504
96164
99346
85209
78850
36716
46108
85463
4543
27914
7834
67843
7059
95203
50664
67381
72602
5119
88530
61096
14501
30558
36394
71473
70314
83388
62421
69718
31314
63282
23047
26468
20312
88006
81659
49753
53185
20681
44614
19045
89759
28483
40248
15499
27797
99905
11201
20477
61043
24728
72768
46172
16410
76390
95318
99945
59770
27873
14894
95462
74295
76389
54148
41260
4867
81365
47531
19053
13544
911
14195
51921
60504
69485
71337
86017
90310
20894
43675
70409
72187
41943
8675
6585
90514
76875
10058
43921
92687
81713
89983
25311
5786
49152
44750
13369
74335
98988
10632
46432
52373
92148
6932
60131
10532
20846
85667
46924
5053
9301
9635
38875
84197
44485
23275
32351
67713
47563
50746
27992
71306
3609
26366
31830
10928
88883
46135
11352
24735
57967
11682
91322
10262
97243
18035
80039
35011
48544
96052
69667
91207
63133
38868
83385
72078
51108
41114
61300
25877
12398
45655
26771
48241
82639
75125
48764
65781
75101
49203
21648
74711
74315
22189
47086
97618
18313
28612
86954
26450
43235
97340
19169
51510
81078
36784
8173
64741
42980
59752
59820
47769
84835
85474
12337
12311
84910
43080
27622
22117
69271
14257
59909
99340
74403
94956
16892
40944
91781
85767
53765
22495
54159
34850
82641
15057
26486
75261
67163
45854
66952
84023
22801
15349
89383
73879
89875
88840
9852
34774
12707
75232
989
64837
57179
28978
37431
19829
77106
86121
19892
67228
72959
57213
5986
37324
93609
49984
2832
97279
85825
9649
75916
81767
55164
85248
91455
44559
9956
524
5080
28051
31091
57007
73059
78532
21505
89322
77670
53663
77626
6656
98154
81042
25962
99723
11063
65588
9362
52058
80269
39890
86007
12573
48949
3058
99316
19221
9672
71931
37522
92871
9872
76582
81040
91841
36137
15952
84153
27453
15818
4287
72314
49169
19652
79168
11494
94874
55805
55441
74184
25867
35196
57898
20254
65190
42043
18518
8057
70001
79216
2284
79650
5739
16140
84755
96784
21572
1
34120
63586
95111
81434
81909
36240
75982
67576
36838
92920
69781
91563
4442
63415
54231
97746
11655
57674
51974
56327
15850
49797
17618
7894
14152
48237
13534
24637
66574
33029
34897
82383
89922
94872
21685
91854
79073
44432
53287
21657
44272
97613
5205
25597
38276
78437
74774
38868
25418
7993
4484
27080
44810
65245
84151
84322
45967
87216
67282
33671
22706
51344
1002
3808
58022
87397
1641
9569
41730
62376
18673
67223
4386
30316
12054
18237
44592
92020
69618
35715
73463
74665
99218
58581
28544
7817
37573
24676
10721
37362
45887
91856
77150
19616
98951
92927
96610
1396
67575
50878
