65204
97138
63041
89319
37261
22693
14494
53190
65914
39730
53946
17598
31567
60208
48040
52126
42421
75264
50205
49824
76964
98848
4367
16489
26817
90073
84770
31364
19126
21626
43195
24445
18739
58918
8258
77527
36176
69261
91283
85123
23079
71486
44807
97631
91940
74257
45583
59408
50911
40801
54188
26131
17370
1054
99831
66356
92770
46552
62502
47188
37923
83129
34063
44287
96535
29501
98859
72648
51949
70513
15949
73159
83981
65081
26745
5477
54041
6736
24549
52559
44490
25362
80453
78325
67437
17063
7075
17684
59087
41902
84756
89624
6759
44094
47200
39949
37422
519
1096
62439
75398
72935
7458
80397
24852
81029
42150
52288
74309
94353
12315
86034
22002
9942
2698
12561
2675
55738
76849
79471
22425
81174
13560
10047
85756
26324
66400
39886
17881
86795
68054
53521
5639
62110
77160
71554
17903
55
53472
86408
74913
54787
43375
64733
29587
98722
67621
96817
41396
34638
37274
81684
23670
21624
40013
94224
59374
97411
94641
98527
14628
2263
34406
87513
26298
58793
80394
59892
32781
31143
94657
2619
2265
90440
4558
67638
37798
48827
80460
87033
58703
69583
98489
83242
49520
86370
29850
84014
22096
82936
12180
20492
5414
54945
71779
72649
20380
55861
38434
70793
18328
7729
64035
10253
39981
34654
79419
33229
17066
72375
56426
10547
16950
7608
39824
45045
3774
51164
37993
39928
28942
96379
37796
49845
18962
74164
97205
47319
18661
31909
47257
81936
10392
9667
68704
50974
5547
88236
43261
14866
6951
96621
66948
49721
26509
1633
3541
97805
15121
26733
68874
69216
17868
98506
41850
21949
69933
14189
91291
65816
37449
32099
14568
85157
25117
74489
154
7283
38903
88850
39497
15538
7902
23126
32977
32321
29430
88075
23335
17329
70623
99399
32198
91927
63034
78041
64068
11885
67816
46755
81041
91358
96945
77444
77417
74851
82052
81791
24603
52020
1478
96257
58902
26271
87235
53336
61313
94741
65529
9528
92518
81857
90853
73962
95193
38049
99901
22641
22122
47076
10421
88268
39467
92148
7808
48139
18593
30458
45709
58125
50268
47639
63471
71315
15850
74365
40497
5926
4691
9697
16727
69326
46356
58288
54236
99183
504
22982
82250
39367
74950
59411
59668
77526
41598
13210
56790
66754
18462
39096
34743
30855
49031
7404
59259
44878
18386
19538
58111
20828
97551
93975
17949
12425
30349
41095
41912
81178
37911
8625
47635
95610
48207
6341
83174
90856
87971
85945
29716
2639
17574
73743
87463
65595
74954
85872
20294
38952
99028
9357
80797
80966
64871
61422
41816
80975
41462
47243
47177
503
71298
75611
28842
9836
91460
39133
82647
42689
24229
68402
56907
32440
89821
55472
3253
23808
6511
52354
37470
44477
20800
2959
82150
28553
27828
66669
30739
86784
64525
2199
49394
40727
38768
29212
31341
41963
44900
77627
74134
35821
3224
77604
14723
30625
52450
48356
91144
9398
58169
18007
74463
89107
9772
2699
79703
68338
93461
289
82007
24791
8394
95863
78163
22029
19008
16179
93672
60609
24130
61290
78908
28884
78220
1649
41252
43195
88236
51525
76103
79472
75525
21340
28615
46518
27735
60287
30955
36068
49509
63003
48502
44611
95619
49342
27427
7361
99440
92693
11617
36270
54683
30534
85268
96879
39099
45579
10886
8122
61447
36507
80101
41935
24185
2535
49266
87053
67248
31645
94293
58720
85224
57604
11100
61126
12788
34297
33265
28878
74222
33891
43754
95542
39908
39832
24788
44990
36071
31735
7419
82156
49400
22832
74621
13001
82902
6566
20425
93083
75
40373
40113
67795
98400
52896
51046
97079
19434
24142
84090
4802
12314
82008
33900
27555
92752
84558
2027
84353
77746
4276
50982
35512
24226
12136
9319
62391
82983
98098
78224
6221
13871
40181
28802
33849
93778
75959
97142
87011
88786
27708
25555
11929
47645
2617
69842
67392
88932
47065
20248
98343
4539
36072
15336
95799
89390
4601
43569
86263
43576
88654
14096
21336
45917
77868
90930
72132
53205
50
33777
16793
87416
15015
95567
50038
78720
39052
87866
21608
42294
41927
73459
35917
77850
79880
1682
77799
24845
33002
44458
89177
32390
10878
43434
131
13612
4219
66011
69776
11686
97709
14186
88881
13288
3454
10927
89523
40504
65298
17078
50338
16734
21960
43968
1649
15194
78178
43486
66036
76185
13130
47287
20203
55592
44599
84403
76537
71580
95435
36425
74501
73041
18090
9922
44585
27740
84578
22629
74395
68953
12159
37294
59546
15924
94120
72443
10429
66910
41785
84936
35433
60732
99974
93590
98555
50422
93983
33288
68688
19051
34390
17942
45068
28872
42576
77297
98643
12038
99383
73909
30616
55549
69091
97083
64026
75836
87740
4278
61472
72156
73974
9626
29795
10499
992
13769
73066
24499
11366
94163
33757
51289
53940
55344
34562
94217
92225
30673
73347
16823
73799
98391
67526
67875
54319
79883
91641
2890
29564
22719
62681
89704
71816
96532
45077
24763
88146
34569
27880
28807
4230
74143
672
5220
40151
79326
1609
13747
62520
69809
83610
57066
