41472
32369
55572
59443
91295
17868
81281
20252
87036
13223
52744
56399
2952
76985
63315
49387
82255
56062
69081
21721
48222
86565
70324
17361
35001
60007
79705
85511
1535
6969
62991
25039
40178
28174
22395
9314
17897
92892
6898
16885
46606
67996
35988
65838
56053
65547
42824
63765
31075
80072
11603
31776
68726
58955
70794
54907
62045
38211
24441
31287
38163
95770
18716
80067
50231
27704
16221
74777
54590
54000
31490
89362
49163
52196
75114
80225
50576
4485
61308
69454
17182
15939
54436
21463
95365
31215
56313
81222
57380
67487
47269
79686
68450
75610
78721
50836
49279
55921
15607
28349
49325
68046
9175
77074
48582
22240
82612
16530
83841
90568
4330
57559
76902
54986
14105
22224
41334
97253
84701
19016
71390
34998
17397
87102
6731
51804
20911
73553
73474
24277
30945
94655
88878
32959
20128
49135
6763
77361
72881
73124
48602
39783
97381
66811
63156
89710
2783
13463
61505
56497
9502
52026
71219
96591
56958
14327
50649
22073
70343
96777
1328
9059
43056
59563
59622
9675
68680
43943
34858
64969
15460
63972
24371
11576
70413
31607
37617
50585
23945
17020
49020
7448
12047
16976
14775
78919
23435
92287
76001
5801
98486
84690
7017
76103
71795
39543
96726
37817
7189
53481
21029
58840
78605
96536
41036
45529
27654
59642
26177
25350
76709
63
98127
53323
47756
93880
97011
26079
44788
80703
86240
76392
67942
29056
66482
30770
56955
48267
39781
30870
34880
99799
43396
70464
95990
90180
28842
15511
75940
69245
51264
63792
66110
50650
29092
98423
86562
53694
28346
77915
42531
70647
93029
26486
67240
44637
90898
49549
30054
10265
88574
79387
19861
95306
90469
76910
56666
27663
57332
57576
65038
