50139
75543
29438
22447
10282
17291
99964
68058
44208
3260
19920
61865
88338
64233
6770
16910
3223
51353
99282
79292
85457
65674
80670
71877
43931
70803
60180
52181
41756
58898
96362
70770
12877
61031
20508
17486
97047
44792
34354
73606
49585
61995
66056
85313
59466
57995
6968
26236
70140
39756
24439
5978
58293
85745
96043
84464
94872
57561
78516
39478
57111
47782
26301
85309
6898
49150
48988
27306
43725
89283
19862
58430
16999
25676
29707
23461
99617
95357
12411
85935
63835
33944
82041
2000
34459
90383
12476
27131
64988
36043
22613
39486
66276
94875
16495
1802
35693
80746
78415
10315
9006
79661
82510
80856
19893
66008
88979
32617
56037
72581
84847
99514
45150
92581
75643
23166
65741
24300
50850
16514
36674
21857
62318
7682
66670
80376
92154
22123
9181
27904
87767
18870
16942
2095
76928
84174
51433
1185
82107
68450
1404
79858
71093
92407
51195
23098
94336
73695
19232
93328
36061
11393
29896
61900
73641
87149
17342
74828
14186
39516
73853
66855
23436
28133
84814
65976
82572
43054
15652
91468
71733
64556
42192
82399
15109
56815
50763
69911
56486
43571
86040
18459
2891
15852
91842
76374
88974
55041
28453
89778
66831
76604
86998
42591
94596
34549
56422
42960
7592
85219
40526
51281
58042
27763
21595
71505
69200
47496
46790
16826
36386
47431
18342
70615
53475
55394
63964
7583
36290
8440
77002
27531
14601
25874
24637
95128
77557
99601
87802
80560
393
7803
62318
71266
3044
34759
60417
75127
94257
20337
7173
41477
8251
11626
53392
19399
58262
16383
89115
39202
70584
48838
6669
99152
8216
12995
36679
32167
3126
26466
93948
69599
59693
66229
16433
28583
85113
47075
67570
18716
94977
88837
13326
15953
1266
35524
19279
2974
72481
5238
36866
61173
10485
48600
9976
51554
1133
63165
63049
90049
98079
28249
72001
67790
26388
37574
81783
42021
95193
24808
34285
11186
48813
70398
44225
81747
35511
90715
97886
72692
93715
33705
59686
97888
89600
32774
59113
11093
56253
64878
27449
21948
84026
77520
20637
66727
16836
45536
89564
63691
53740
77257
7781
47672
70952
25680
12360
40086
4375
28229
16043
10417
65278
90357
96334
64373
68563
74113
78189
93614
78461
70690
85768
30314
97359
12337
27160
71292
49761
77497
64911
89975
1150
34195
18951
16457
25924
12013
26935
63920
20413
19026
6717
28023
48835
17032
56670
93668
81185
56263
98164
42722
67346
95950
85229
83050
91489
77466
50313
58615
98520
41067
90325
26878
63318
26068
9266
31083
71406
79877
38449
56550
47177
14269
73200
59435
63972
57744
81479
80326
55666
33491
90106
93498
79332
22188
22628
5200
48965
35901
24967
48458
61699
68320
65400
79346
28700
79839
64705
22767
7765
25586
22262
1308
17813
41614
95545
53077
22750
25794
19077
33744
95986
69987
2948
65028
50960
96827
47545
41129
3439
4066
82118
35504
54909
89991
94850
78857
48869
93853
30734
84133
93039
58712
72560
30080
11229
88798
75684
37717
26642
69551
82449
23170
16823
91223
52471
91711
65371
371
28385
31873
32293
23575
19327
3699
43468
86757
46399
27822
46763
16688
4207
28896
95059
34944
40705
37274
97426
72868
53798
62162
21142
9827
14487
33888
21617
58947
18681
63685
37520
3139
13485
48497
65468
98861
51839
69463
39384
68861
86612
24471
42399
47862
90954
9954
65343
53552
28110
81879
50518
15196
94285
92503
46572
66223
10730
22465
9088
85439
82082
84520
68076
82713
90301
43624
3203
55710
63428
96198
83104
71241
97889
28564
86256
29327
19762
73280
18873
4532
68544
68064
30836
36801
13167
22323
8853
20981
1924
99245
88130
29373
60374
53945
86779
2091
56395
59686
57560
47329
6751
9633
90124
31912
98774
79276
17307
65721
6247
17245
46460
37450
3592
4556
16895
14017
53683
31275
69546
67978
34770
82221
53786
64182
8068
53731
10867
43944
41784
84164
72931
60076
15719
71543
97781
58911
77939
98924
38026
33890
5015
43132
14733
84678
52784
50679
25781
55818
37050
72761
48407
25120
90139
89582
12558
24529
55846
25941
23844
45042
68409
73363
23936
22083
44313
86383
21731
32048
6774
57983
36078
54759
93248
35655
62962
91638
67488
69107
11398
57388
27950
55048
6893
69023
35757
47811
69937
26136
58985
73252
3064
51997
75079
92984
65480
31652
19196
92650
40364
66401
28948
93732
49043
79066
36683
93647
31872
54483
26620
20920
57040
86739
14543
66456
17092
13361
66469
54913
86325
96502
16446
95594
73063
33522
54919
84080
79679
264
70175
31310
72442
74838
28743
44996
28440
34217
6004
27827
32339
42109
15939
15453
99516
38064
16211
16325
37454
8623
75891
52119
65182
64283
6324
43862
49955
33353
20669
15521
24146
52602
13968
31608
84308
95309
48477
82202
57996
69546
38015
82874
7356
38642
22573
44216
80562
993
96078
34998
17310
38594
46626
71055
24372
18055
66127
8159
68513
84880
95041
95087
13547
90483
3680
79736
28141
84331
31144
4206
89586
34008
58329
67907
70608
93016
44763
26539
41709
62108
63299
48961
37275
85671
98210
85552
5976
42912
7235
66253
29182
40318
13688
73115
74505
42928
69327
16873
34962
42836
16075
96231
69848
91871
45411
83302
80265
78718
447
31356
73292
39587
66449
6405
21581
46079
57812
27876
92272
18127
73759
85228
77095
64890
75024
