78407
55591
63945
91111
43599
90047
44762
69907
28773
52002
93394
11714
39201
77993
52794
53411
88217
42006
27831
37910
79846
470
22094
38561
21562
89514
28581
29958
39000
23318
73297
87836
25819
3986
94119
94203
88914
30205
37002
12008
23196
41095
34906
54976
54183
33161
41392
72707
43579
65687
46390
22308
8474
47946
58698
77936
33497
25383
69549
54085
61465
14804
30906
5454
78705
5558
85895
35215
83873
58591
64497
58011
5004
15822
14714
38751
65564
67118
84378
88400
48121
55873
86378
73313
76928
50988
79361
77872
45288
16182
60705
63530
60655
82916
50542
8391
10188
29451
76270
48624
47266
6177
88834
84988
1189
88379
17304
92652
33231
19947
12372
66379
41005
81149
5963
5592
28425
57593
28526
27716
26197
8022
89927
67690
97885
966
97356
22087
65279
6323
28562
36113
90847
35753
41133
41944
67039
1390
72123
88548
33684
86708
44640
25341
3810
94326
22525
79505
76953
44950
79966
52594
924
48554
22427
39243
16250
21143
87102
222
91022
95216
27372
26908
91384
76258
75531
5251
40015
64019
38552
27034
85470
39977
94032
39488
63381
64585
63880
3559
78441
17850
45134
20328
26356
75968
35188
42293
13326
1890
25693
45895
14288
71900
97525
38467
59336
17732
33957
27551
18794
17274
39489
12933
6398
52932
67123
60946
54521
82938
75861
51664
57263
83542
21781
73172
50081
7044
552
15415
41070
33238
91924
38125
38325
92656
12745
13569
42452
55565
80152
45649
30628
36328
84764
61167
78360
32201
13930
73424
8844
74241
87772
30387
26028
74029
88632
30745
50118
24353
88385
52292
17179
18541
86481
85556
25349
1364
74608
13741
40186
53553
18494
98956
2786
30211
21035
20934
98778
60614
94811
17880
93113
27128
6570
66828
45466
61537
12097
64296
4024
81999
63451
18098
67179
27859
28470
12087
49847
99207
35818
76996
57592
189
33237
55290
55747
88816
27600
95816
52993
67698
31967
89504
29541
70505
59178
90051
11970
19652
40090
63811
89267
10312
9717
58186
90102
395
31776
74926
1741
8948
71086
99570
24795
17815
60287
92924
93891
51280
11081
56649
33936
16280
11302
36325
50032
73946
88556
96673
68681
38418
116
30195
59116
72006
87729
47280
90472
75050
65187
55351
57039
52673
94075
44045
96612
32396
64709
11726
10217
66254
96160
60690
8571
83440
29874
72986
99009
73391
8153
16156
11839
35102
6245
63322
8831
40891
40453
52789
30086
13006
2452
18840
86092
55729
99610
81263
22205
67256
39713
17636
9236
76830
86456
2426
42258
39426
21623
75676
42131
14742
48271
17080
66896
49030
43512
21936
46427
30752
35214
55720
91942
11920
81639
97210
63802
77319
74597
52842
83830
48611
50781
31753
33678
90517
6919
35008
48646
3819
21063
69404
19268
64777
10657
15344
64735
85371
51944
37061
12217
77673
34835
91452
32041
83992
