97316
95191
89245
38623
64939
64828
68781
91845
93520
63960
16517
83401
76379
42111
8504
73290
42608
9688
65809
36452
27164
1263
66295
32474
78430
25375
37536
40624
6156
13776
59328
99711
49686
64823
9602
39817
59400
65195
56124
4575
50486
72931
17136
51383
48218
1970
75565
94950
3713
4383
92226
81763
66232
47539
98529
96053
28895
56771
60193
39563
27292
28156
85689
79744
4631
16806
33714
11555
32508
68687
13889
77413
53564
61233
85966
54232
84126
14911
84256
76460
49810
42585
36911
1772
21549
77565
33479
2147
66293
13549
10921
2629
5001
16560
77283
22330
87242
37392
46752
31411
68256
64009
62442
35025
90494
14813
28199
4998
61573
44296
11927
13984
72514
83733
89753
84707
91244
83917
58195
27066
83327
31567
45261
18958
57765
11259
72411
37003
83950
63635
66990
46734
68158
52845
8204
85800
80142
1885
11278
6736
49365
28480
40574
21997
1621
96936
30115
21268
26806
92575
31085
3325
79197
19685
48083
36688
18747
43483
77259
79234
42401
91195
21047
97937
77306
65192
45825
19668
75529
3952
4564
89358
72639
51458
77700
54846
90992
23264
17337
60829
81144
51142
10197
91374
32549
63665
67537
48473
4761
71515
67053
36659
24626
32043
64334
58169
7433
42636
44691
36428
51111
10446
45739
22854
88011
41727
30686
27738
41985
93236
45696
95482
26146
16430
98089
91259
80998
29672
65387
13640
97655
97352
14907
4014
36899
67905
64732
40595
87124
19530
47413
48356
78573
80908
9718
70698
5402
87343
3363
90822
32979
39799
6487
11524
25818
71571
10512
8195
33953
73075
77171
77760
77248
31050
38773
53758
95539
41725
85954
20105
76994
90090
40613
22454
45823
97340
16908
45238
6712
27391
85856
93655
26308
74565
80661
57856
90864
3382
78195
65328
57393
56537
6641
14049
42359
69652
71107
47523
42134
55959
75158
63677
1388
83258
13827
42888
99185
84033
65701
28478
54662
65274
1483
6561
87218
83515
51451
2683
50389
80917
62894
92157
63530
20626
62712
20457
83448
26564
80094
76170
26232
69385
3103
50752
52233
22178
92267
43050
60737
37772
58670
