30211
48792
43779
163
1439
30882
23579
93768
99690
81316
26000
4184
39548
5415
45706
93708
71061
67961
85115
48197
2651
31466
21550
30956
79253
16107
78094
68723
67364
34622
11997
43933
69712
21350
32951
90165
56715
68480
47795
2487
12749
34859
2508
3117
64207
422
2022
54718
47831
98431
77956
71329
83513
44409
71690
98744
27241
12822
20910
85332
52787
54855
26403
65068
69318
82067
34471
18197
72464
55540
36993
2581
20166
82627
35448
67792
28958
18432
66749
78831
14084
23375
20892
68933
56665
40668
60419
25303
49660
34206
62923
43892
47570
62463
49699
57893
8455
37439
33799
82140
65950
83825
82253
92290
61438
75375
51163
885
8960
3897
69786
8809
46073
42078
71248
29412
33963
57470
8402
28650
21647
9168
68537
38258
92617
93100
55011
57702
32928
77555
59337
91518
84633
84609
12881
30258
41122
28602
7494
81290
89505
59533
16342
45762
64419
54113
97819
5491
91215
20287
23929
50984
29037
5148
60492
56781
15288
43995
99673
68337
20363
93460
67957
31405
44560
78268
24176
61463
29196
40989
88290
5361
49976
27112
39145
62113
92826
22774
73838
38503
95280
49519
66487
12640
53625
8352
62481
79484
24116
56099
14970
97126
28928
39157
60926
96044
91576
84936
1201
86151
29937
36355
76294
50225
31997
18568
1008
1925
66002
98378
63955
92513
70157
61169
73057
70844
26972
55316
77780
36207
15787
44691
37347
73097
26019
91163
76432
10818
66185
43101
70537
7889
21572
87686
8566
58924
73224
16261
80643
35056
7344
60556
13482
25737
92144
22456
26968
67759
66100
90082
69071
36259
7156
64993
70364
85245
99008
3197
24206
40833
42135
90189
35739
22901
27841
56065
70941
82470
52603
14132
97620
10711
74673
42723
28863
55230
31209
11609
80952
3562
64194
8673
44718
76103
74029
34277
733
56578
17322
23320
59916
70026
92054
39809
92921
17155
24816
90581
97896
36078
51515
44498
15155
51967
92461
58360
61586
64432
36130
15133
54036
87398
22245
20644
76638
33462
45470
59635
48872
93563
55332
14362
65148
29282
54215
27593
18656
34864
49802
11708
30414
40627
13713
44873
52046
19696
93517
92750
83641
15668
72691
36301
20448
2188
69284
72518
47781
71410
63170
59458
71684
65180
41709
4332
80746
37153
79349
85873
97752
64868
39704
26721
14629
24422
84719
13408
73684
77371
68597
56942
39944
52720
75994
33203
20872
19030
93914
62960
59997
81697
79812
47245
71693
90344
40023
65233
98918
9381
64127
14893
40347
7644
94998
18773
75963
45969
21671
96025
17468
55876
98833
70409
2812
6228
19513
18964
89186
8505
83459
61715
43239
16389
25875
16055
85056
92458
55028
24285
84398
19486
14490
64302
13244
53704
16594
32300
57721
57221
57239
74902
97359
97888
45491
4121
82863
9402
44433
65464
70830
21059
76046
90412
25921
2411
71653
23958
81768
78943
33716
83504
90941
97386
11627
97982
41385
34530
57165
49107
89633
87213
61242
31965
51265
8557
64356
45351
70898
21753
33191
75653
48025
89563
53455
63339
43439
24077
38381
10833
82051
92636
50531
78778
23504
73735
83961
99972
86261
47508
62736
48332
52237
95325
75831
83616
59816
44081
39146
17364
38054
26302
53060
60015
45751
58063
35479
1377
43930
48287
54543
17308
96149
46331
67056
96997
36682
82464
8461
77530
24596
64383
59090
23389
59017
84859
23415
52700
13732
69838
3522
99358
84930
21016
72779
55748
39576
90516
33027
65440
38255
82583
56042
37973
92965
45427
52182
5906
28268
78834
46934
77352
35619
61616
92768
73670
67212
29670
997
60892
34647
82778
87645
74092
44765
55184
32377
75133
73552
11308
57420
46165
49436
43020
39274
42012
8341
21117
30424
13589
32676
17509
24431
34898
22904
26169
63738
23314
28248
99108
88536
9906
89518
72134
30792
55476
94938
81950
93207
37780
13050
77049
32353
16960
21413
768
27915
92599
22341
50755
65328
46095
99246
87407
28215
17138
58347
52747
51187
18595
91446
9063
46884
74444
22771
47514
56647
77301
12227
83797
47074
26391
27909
92643
539
55626
85156
7470
13484
22135
98253
71139
972
77493
33779
42441
10660
2111
43919
13654
97129
42191
30762
74611
46334
3986
30165
57909
94188
73899
44121
50613
80371
38543
3681
38936
18185
6602
86868
72588
31982
50876
39262
29051
20341
20307
8090
69391
40664
80330
36853
54535
33382
98573
86668
4883
95629
53297
46309
96552
25461
27246
13282
39584
78014
47640
90767
62428
73812
94842
24255
4057
15243
71330
81672
46253
2928
1710
54269
26026
95896
60774
17245
13858
37045
89585
17230
81798
51875
98797
43307
64887
60292
90315
47127
4735
37594
99678
51037
72701
29539
45661
95578
45821
56074
32795
39292
62052
16900
40415
1954
93918
99028
20283
656
64687
10001
99423
2538
88428
30409
8969
10553
75014
51535
59368
43765
24927
24203
76937
8658
3250
50673
81567
96487
50234
65195
71424
57783
4249
50293
