64898
11460
96843
49388
65859
40009
89658
82439
94734
38170
97139
62608
42292
20569
35108
20564
94285
96706
89030
14364
37849
39963
31756
98704
43245
17460
23795
50421
99492
38576
41639
98289
38135
75230
44071
99093
78171
2146
93508
3756
35268
41763
82202
70488
6111
88064
39275
75917
15126
44630
77138
61076
15219
35928
17328
24934
79703
98138
6143
48398
16213
39237
82946
56157
96530
98850
24473
67061
76498
36014
42393
92139
3197
85273
79095
96085
57760
61268
92593
55180
78185
47877
35294
54861
61438
80563
83069
2207
57901
19136
19389
80032
96002
45110
87543
96031
58816
26045
73957
7260
63591
72213
99419
79111
2237
84998
57878
29946
56832
21243
67174
18435
5545
50963
70213
68336
3942
28085
94718
15967
15780
22266
9159
57362
16625
62360
96136
58087
97730
83064
37269
31715
87310
85332
91589
5971
48458
56183
52624
76439
22684
53123
45374
36658
51962
953
74487
45039
74896
19207
92088
30731
31326
57989
91480
41324
63053
42057
62486
39877
88861
99790
32215
73768
83973
35458
31124
20212
59373
64242
19877
47759
75460
18278
93283
62657
76891
72501
5399
15671
87872
51097
83191
78523
90975
6537
389
29321
93852
50264
42917
6401
93697
12747
87578
22893
20907
71606
52684
16503
69829
54274
85666
10653
99329
44329
55270
13047
64706
28822
64433
90552
36657
46814
52004
37764
16599
53692
82792
77436
35069
1803
26360
9109
21324
13476
54061
62713
30700
70390
41750
5285
19816
88896
45842
33598
65431
72537
79193
46645
51266
87341
64614
65029
85831
52364
69744
46883
60742
49813
6293
67214
88813
75248
81433
68025
27914
76556
89329
85853
90267
92557
82346
94316
87072
59147
70736
47760
971
18405
72333
44061
74498
36147
26169
47728
37188
61330
23277
68960
43731
7178
1970
80887
64096
74535
16472
44567
7462
77817
5684
88874
83208
93340
56377
58709
4994
70298
77956
26684
81627
21983
45911
42337
77480
62232
92715
52665
49079
33705
30837
66583
53279
20368
42121
83088
90586
1459
30219
12537
42674
26169
40297
23154
12721
83459
60853
81158
79769
67460
42733
66889
83374
96593
87332
21748
61266
59633
3406
1863
81819
63806
95488
73757
46980
39100
35595
62839
51218
73288
68122
3535
40078
65419
84009
55458
81685
22757
29615
94021
1379
11557
72896
81619
90972
63947
83209
56685
33036
20373
21822
30953
98052
28355
30717
78867
30680
66540
76174
73620
47863
98013
29940
6480
99337
39197
26811
17954
12584
31873
40062
38509
30018
9385
484
70262
90910
13869
82785
83032
55891
78909
29803
30844
51466
37169
5482
11722
34702
5141
24777
15145
46583
55994
46157
3365
81616
66415
82281
51774
37136
65254
44101
1162
80311
83313
934
88667
27871
60455
87957
16811
83754
93141
17729
68954
68210
99095
55013
62167
33715
15088
83252
7442
7096
24916
91925
74024
63228
97118
88645
24494
31587
31011
45896
90636
34808
28640
50533
68153
36235
16815
83851
74247
17184
7965
31391
53442
38265
77203
35155
82520
11402
20114
18058
22048
82002
36659
94066
55395
91387
26910
25439
30752
71809
63462
85224
52743
47244
27092
34146
39569
48562
86859
25932
16900
31236
9005
90257
99130
93525
38482
35758
86024
61963
6124
13092
11473
12952
23848
8634
98148
34574
95137
76765
9324
91375
53099
2437
53722
22741
78647
6197
11172
43056
95586
33958
24542
94182
1158
90811
72997
46402
94935
61870
52905
91151
39414
68789
65684
50369
73751
39791
23396
18458
35997
4994
53424
10093
16607
25524
78137
6567
36534
76388
14877
32284
24586
42968
66376
72166
88550
17290
11794
33036
35636
51746
39638
33267
23860
18172
51961
84309
36753
3352
48990
38856
82801
92714
7059
90591
80533
14448
77574
75633
12674
66430
9867
18547
46992
20620
66565
96446
2412
93517
61819
