27996
90359
82821
84251
65355
20157
86233
98434
73562
93827
69813
33182
27397
76020
49482
31872
35908
75785
91633
74101
39716
36160
20362
69206
41879
21091
86274
3239
51607
55515
81897
43236
41533
92530
10859
92442
9892
22808
25235
60376
28215
79139
2071
18846
96616
76685
91149
70972
71137
34693
60537
26627
1884
87717
16743
91836
69997
13615
42372
44264
33882
82993
46826
18047
11930
26577
91649
34867
65161
57040
21979
13100
50549
31256
45886
60576
34088
1515
72589
65194
29942
15302
32101
16914
94978
55270
41351
53815
75786
19023
22444
96277
80436
80971
26493
45221
32312
84024
6916
70039
85035
56282
5811
14097
12713
47436
76077
70627
41830
56167
57747
68481
41025
77178
14321
18580
50891
29912
23068
56659
85225
37833
59080
46138
34595
25702
32664
69578
4763
664
28263
50064
94598
2550
80158
73660
9491
18004
4200
47541
79193
70724
11984
19619
61275
53963
55251
3257
66649
7912
94330
2400
60955
50256
84813
47202
97201
59673
79501
87011
14772
6498
65863
41165
27903
7682
73883
38475
97019
40661
9089
32887
25711
75527
77466
14501
25849
39460
84862
80632
70451
29406
2928
96850
6334
25863
89109
44341
17736
32956
76458
49818
38503
17189
32768
72694
4860
70818
91715
53592
80079
16776
6238
25988
98823
61443
76688
85427
72790
70312
21352
57741
74810
98868
16559
85365
3569
69013
34831
2040
18573
29541
20738
64063
64202
59270
94383
8522
42758
4772
9640
55030
47745
31270
552
53675
23168
76940
98026
44891
49174
3681
71551
47423
11603
18717
75007
39634
629
47402
69124
35847
35987
89674
35018
50538
96037
42174
61785
39553
67059
68166
42668
68017
60672
66322
9995
43540
98315
62884
62197
26629
70986
89939
52866
14891
57990
73314
52460
45485
84262
54749
7892
95355
35647
73793
19042
58070
96251
50014
57637
80993
15154
58473
77832
81008
61013
3534
86751
45281
8721
31467
41318
37744
85205
42495
64861
46048
36808
20127
92548
22722
89714
16300
55290
12309
60273
47312
32369
86879
47279
51925
47288
48300
5247
81203
11475
12512
12106
71857
53878
54455
86563
7179
36763
52794
13430
70147
10150
93152
8932
72994
21261
76124
57466
34915
91279
98854
3182
65522
20734
13700
71164
99872
98001
56796
84178
93017
32497
4002
31020
52348
33942
64950
66248
38092
36159
82535
79536
2495
98879
90126
37162
39216
77947
74284
30663
71164
90834
70332
89923
12620
9329
46583
51123
40178
83291
86690
9177
79967
68615
20412
37649
6148
62132
56583
39052
56310
9875
19374
98755
8744
19317
687
66643
30608
76537
31947
21925
23717
26132
13014
2183
62165
14078
18399
43018
87358
13827
26070
54800
49468
73357
99568
33879
78467
52476
31014
77084
21363
35232
74352
61289
71459
71576
81179
93302
8642
79940
20515
63640
51343
64765
85460
53835
55601
18228
75484
92069
43733
13565
51694
42483
83805
64574
49287
35386
19749
66807
88176
78131
45523
54863
562
88484
51779
51724
30724
90589
32899
25096
34375
7417
93312
62429
3456
84703
87897
45732
78278
60238
76992
38944
33350
7797
83538
31869
77483
6885
22288
45792
73553
41835
91764
42384
18117
96480
64203
96975
2056
3876
87504
84894
59170
18637
79189
44276
49171
21375
61117
64584
47488
74016
88529
27937
1138
6578
21512
92764
4946
19909
74240
23839
68300
87106
51543
92540
15653
50927
44312
6976
20499
90922
43676
74401
72734
92098
79774
14713
28608
39261
82698
56108
45767
57704
98303
99536
53305
63826
41245
11538
74967
71438
92028
82146
29636
63665
16593
72063
67093
86648
28622
98243
77063
54141
44084
56566
30339
14128
55203
9040
26804
6799
64155
65685
37211
18132
78071
10596
88802
52006
39234
51827
9682
32773
32008
49061
98894
61530
44764
9069
75504
7710
47619
41959
10639
84454
79044
91626
13620
41737
69196
39177
8622
32204
84734
68168
7282
