44934
11503
85593
5997
83260
15087
47413
76795
88560
44289
22132
95023
57671
68809
69363
46134
33536
19093
59179
22196
55045
52756
39088
86444
96976
47065
82809
57
43204
77478
48039
63840
41778
72550
16595
33261
23475
69506
24449
32532
94546
33843
95894
34754
69493
18596
84065
386
69814
62488
98668
65640
8988
85086
71297
92178
72415
99149
9021
36195
32277
47356
33591
11082
96250
58292
53244
85120
52214
36101
22659
64029
94644
26647
27649
21202
56862
4333
16950
78379
62999
82422
30243
80715
78809
82399
54851
56691
1253
24416
60846
24325
60485
88253
254
47189
252
84811
38504
11201
65352
98945
48172
33712
39828
34638
70996
82341
57436
50095
35316
68081
82198
30642
73196
49854
17112
52875
32272
13850
3441
96553
83867
27797
75255
98333
3544
6390
26392
80459
20949
72050
65829
5749
13027
64053
34250
96531
40886
44171
11403
72509
99254
51158
89100
92764
42126
29842
15057
50399
30077
47377
52539
24653
7760
68798
15077
20375
58456
41495
31094
64605
55948
76976
29145
63265
2252
76449
17615
9142
15604
20581
11988
88101
2447
30931
97298
32709
38696
82491
56206
73701
91333
75992
50382
73571
19511
41175
97988
44228
48976
13874
38075
99391
13076
46797
16560
22277
22012
25835
90511
65677
12227
5914
34795
9496
35389
64437
22206
76829
71500
82368
81678
75964
85288
57393
73272
79955
26594
55573
43754
61077
78461
73386
60166
1729
82505
12596
75024
55649
14370
75020
10696
12861
91980
90529
61473
85418
41197
40886
38182
55073
18969
21159
72728
66608
32196
62110
14103
55683
73524
36604
95683
66438
82080
29433
87215
38841
45747
33065
26990
22792
89412
66556
62458
96479
71671
68816
83984
94758
95919
87854
38758
85708
17391
88680
42107
57302
658
93558
69533
20395
98493
19340
82124
77765
79337
44258
30780
62546
3313
22632
39670
8132
13895
15390
65661
52413
58700
76249
94936
63379
78126
19344
59764
85670
97846
9975
49047
93400
87325
29913
38182
52189
63532
6595
24299
70071
84431
84693
17141
27412
38036
21438
91445
73287
48183
30626
71812
2000
23019
89694
98601
24409
98621
6153
42269
