64761
73566
30566
89480
21362
96598
84222
62154
10579
33078
83151
86637
27114
21207
18302
29880
63951
72958
51713
81398
13766
51512
68925
83450
86351
70006
40471
99132
65756
24768
24116
31810
21859
98239
12850
53701
38768
35808
91838
27507
72675
45277
92429
15394
78387
95648
97847
63514
25101
87892
83963
51542
44170
27854
86161
13249
4640
47115
3128
51355
56127
85090
96398
85810
8961
51341
64778
28875
8356
64600
91112
28142
81120
24205
8723
68488
59082
53530
5063
90702
72159
76957
74030
77864
40805
72574
87640
94004
12077
99601
49060
91652
32680
40483
71380
87585
48879
6619
6433
27046
30870
68972
55157
60500
96780
55820
70422
19964
19130
17672
54166
51110
42051
12425
79196
79170
11059
18533
45005
36387
63701
70773
16797
8755
15540
99459
95462
40636
52825
21138
19609
52462
47097
78017
59832
3186
21799
13529
81083
84984
2152
67675
74874
94405
45434
97950
49600
20254
61286
92209
76525
30345
61614
70045
63345
60097
52175
46401
44959
97321
60357
29785
67138
97992
98063
1704
4012
64034
52593
76010
57370
97529
37450
60020
34234
96025
95898
22391
63321
17590
49858
75208
79350
60615
44612
89263
90848
77051
14672
99734
51010
75397
68569
83761
24626
72367
537
76882
96341
43729
93937
85566
67661
85276
34838
78995
92895
1593
35810
67319
64198
29783
83080
27369
47462
85149
50434
6522
53379
8800
10856
26961
49361
52858
24999
81973
28959
53688
35393
61867
95487
19016
26050
19591
23653
64291
7547
94073
25776
65616
96368
89254
41240
47352
35536
21226
92317
41200
36298
39477
21932
94014
23502
87541
32873
66976
36205
14802
60277
52865
50036
39206
66199
73943
71832
45182
3733
63488
3715
83171
77602
56361
80745
87763
12432
21602
85720
2008
17322
3772
89656
87759
17390
95916
39935
1472
95513
38508
86718
56677
28085
92744
33796
72911
15580
57162
23054
67297
75520
90353
17493
28828
37484
53127
61874
65571
13269
35739
75109
11271
81255
34196
97480
56504
63209
62276
21815
70283
34007
70359
49668
65224
76770
47038
55085
84858
22564
7834
72182
55269
98548
18423
26487
26968
86279
60828
50274
64262
34042
74364
88203
59774
63399
75446
75421
93889
95263
77292
9702
53303
35346
52771
33289
5161
40685
52268
52057
90446
98041
77016
43006
5435
63557
19839
12723
62832
7708
70512
70225
2381
12002
57553
36240
59642
82155
89894
1825
1323
71616
61196
89594
45272
98131
18878
19923
45776
85133
21326
86282
34010
8770
59828
66220
57026
31358
82768
96217
43560
62723
12589
86180
24750
7066
7321
41301
77792
16530
73647
23005
50791
50443
50733
18829
36845
87421
97734
7303
44678
99915
66946
77699
86382
84230
36214
93610
52174
91332
79214
28284
99387
93676
58264
38599
59027
75016
64844
38205
90810
77576
42130
29246
11486
98321
35491
83567
58036
40998
29375
69605
33623
75464
51538
43644
95777
34890
99797
40520
70852
13710
89127
86460
37316
45362
23617
57114
92178
12134
59802
61829
22577
59528
16492
67101
57784
37699
66212
88061
48738
52646
35574
11175
61957
9609
94660
23923
42138
14619
42822
24137
75218
24323
67353
77100
88449
55670
91930
66123
74703
78376
91388
45902
81196
67546
47027
74095
58971
84437
85860
58077
68677
11736
91781
18205
78136
77951
24502
27707
50701
99694
14976
77558
69311
35664
86610
98253
92175
39392
78651
2113
45769
88
13357
70362
61257
89671
29979
94411
62581
20565
64951
57700
28759
84744
55459
63482
32541
49147
98963
10497
31167
64223
15422
75009
63399
13830
76590
45531
80935
48773
81920
19579
5785
83746
12307
68588
98379
21419
56947
88464
47972
30091
65125
30136
34743
57275
48799
84566
80205
23128
65712
43027
40428
68154
70945
81546
84666
38348
6962
47427
13080
84447
13475
13807
38645
45371
51915
45012
72436
86870
65103
11122
92199
10499
62525
1076
99097
85286
40265
6123
65030
92024
65325
57807
83061
38892
79150
37631
12800
30761
83922
60030
14456
9520
75383
63524
16615
51318
91491
89371
5360
3787
12129
93334
58025
54590
50827
29929
5628
69869
82449
99380
98082
839
82397
21056
19121
55668
30746
99752
66220
14284
32211
41675
2948
5072
96665
82679
35115
99001
84460
47778
93795
50894
763
61243
79894
71991
99781
28470
88064
49221
32002
42931
48312
84542
61947
13617
27122
54327
44402
60947
20572
91738
23150
91075
71575
70454
90386
52952
57924
68148
94814
6627
85408
34670
5585
47188
75
21153
41162
47130
55886
2275
11687
16999
82281
89279
93363
18406
43124
83048
55557
80787
54598
23513
27206
2056
27743
9688
89667
9440
81604
46828
70546
19916
54406
25375
57523
13641
78957
14758
13541
5968
13165
97272
5061
18297
80050
6151
8793
82295
77090
71980
9828
74875
12590
14026
52029
61895
7464
3528
19445
90387
31486
31721
65525
9057
31729
91771
62592
56906
31756
79721
39448
28365
69506
49588
67622
57326
18451
8908
22005
21591
894
7371
32349
9624
37000
95670
7325
40380
73346
95627
6177
75428
95313
23154
74482
81443
31746
96003
86568
88279
43559
51887
50539
97368
32531
81462
5369
63002
46404
94702
43443
98555
81522
97854
89492
24114
99372
55900
72056
36059
84445
22212
83560
36129
73544
64020
33052
46351
75105
86178
25579
22448
22340
33726
78032
49007
56832
34980
77093
55538
90301
44322
93975
78643
52183
7621
93905
97459
33662
50367
82070
75845
23946
50508
3833
21346
68326
14410
23824
68511
48409
59017
87896
60225
69122
20995
76214
47795
19821
40485
67282
64392
78807
16518
45758
40122
28236
4917
83945
65923
70114
35593
12689
24738
4108
49734
98501
71831
29893
56685
80680
42422
11156
8581
7128
31283
56426
33750
9520
31188
31406
46110
77637
93176
83085
17678
97038
7428
4750
63710
93110
63409
30464
57900
98397
12816
46327
63158
56117
19388
22494
4382
17902
63136
59805
24860
53236
70225
9389
14474
83696
94486
95396
52757
34516
24004
57956
19512
41652
86429
52696
91072
67080
66183
63575
17270
11957
53255
10184
94311
84956
93267
77633
90131
8693
27024
28207
14500
33371
58225
64442
26812
98038
90276
80013
98624
68012
77707
23384
74393
54860
26814
21506
69687
66692
31421
37301
51719
99561
42534
12902
99980
60040
15078
29517
90429
16852
5264
44063
7492
95796
43455
86141
83427
21987
25883
93034
76804
86169
64950
49257
34250
29870
35791
39451
58141
