7945
23439
77272
89722
76488
14939
90837
45322
64461
66771
82960
60758
89583
81771
62748
33643
15892
78596
11405
40673
38078
47700
40808
38387
60497
65549
34610
93276
78652
70109
24248
75626
71376
18668
8907
81825
66790
17769
19307
28515
95303
38104
57525
59112
10073
16045
96585
83179
86509
606
13978
57195
28046
17467
33682
60244
82631
38885
29225
10938
80329
97561
66669
94351
42522
7333
89382
70915
72863
80923
66852
98122
59288
82889
45370
99973
90174
81696
28313
44451
68963
51430
6766
78046
56131
67053
47580
53908
84985
48662
99194
27905
88544
8369
48186
97742
71435
63173
16589
2740
26663
25670
10315
5586
33753
15855
97906
45156
72097
33708
70069
934
10572
84773
41974
28898
90794
88623
38220
75469
59753
35473
85929
24200
81729
38947
9578
50919
34703
47627
28538
27001
65107
25572
17788
43293
41114
1180
44293
40275
69147
2423
81810
51277
78592
98259
17332
3771
66394
19287
6948
82811
24953
41120
42987
91189
39740
86114
23857
94805
6277
46986
10453
24470
5170
43068
35827
84999
66984
98681
87783
89613
44330
97944
6321
57329
53662
34652
45608
83469
21614
5806
84525
15416
40679
45726
2047
23986
82585
26598
3553
54999
77323
49487
33998
22160
91970
57340
46107
35524
62431
32333
36786
67712
31503
17334
38481
27009
34798
85657
37526
5088
40506
40387
73191
470
62461
95036
83791
59443
41021
11841
2414
40385
95128
32783
12290
94843
63946
84161
65358
96322
88544
10083
21038
89281
69020
16812
83912
23344
7245
75038
89188
96927
89072
98464
14492
36935
76296
33527
59699
96933
73549
86664
94502
50590
29919
96400
72584
98719
5044
43638
63063
50637
20299
41204
16543
30423
19348
83910
31450
45648
11123
60446
52197
65982
22652
5486
51313
96663
18290
75354
18546
30418
24461
68424
22772
1880
15580
70448
59362
72619
44227
85193
18300
63607
11975
38550
76628
47867
81921
84069
17586
92386
2077
14050
85810
13102
34466
28520
27937
24432
45087
75921
80428
29689
25091
32645
26175
51874
18431
14662
14842
48900
24547
58830
1421
25930
42146
88590
54007
84102
28857
3445
14742
34221
57768
26160
28340
10411
82614
9669
67414
87060
42510
34929
27532
68306
4765
88611
38515
79330
12374
24754
29436
67258
69227
68685
67838
43246
12629
59879
70956
45876
74512
43835
95575
41641
61178
46207
71920
98930
4304
15764
69259
8761
47248
27781
6390
89618
31298
33114
21165
53535
50074
74677
71727
4102
74009
47484
64993
89082
58322
85093
97782
22735
38713
21537
12548
98675
39353
85890
7128
58557
16690
39585
75025
96610
55494
20674
20009
41446
62295
78219
11948
79514
38714
17421
95802
99834
72108
91472
67631
13694
81213
82838
40607
19211
17981
46524
70048
25710
15232
7715
50265
45408
25986
62607
36844
10488
99652
75116
48608
53335
27474
23547
26787
80103
73145
18267
84021
21291
25735
12714
26567
47881
18259
93433
77343
33851
98977
55814
78629
8970
50626
94299
26213
54580
27954
66539
53528
76106
80576
85313
182
96991
42864
14296
86220
57666
56051
60503
46065
99713
62503
48756
99975
2518
81148
2383
27149
32552
85263
2993
11510
43837
96487
39637
2709
33175
97334
72206
52149
6605
64739
7914
40715
40422
12532
29575
5016
3962
7213
19677
77800
38474
9748
78915
46467
1869
94323
23694
73432
25570
39390
20975
90842
77583
73802
56344
504
3227
11586
53045
60332
83844
8354
39459
34973
54588
8040
59552
89986
51572
97366
23186
25339
65586
25192
73036
34089
17571
93169
839
38851
73639
98774
26578
67215
43764
17072
63131
66619
56188
29070
1789
92375
54167
59345
93955
30119
70289
43941
91878
93828
34770
33708
21859
28203
16204
95636
25256
52391
765
22254
82932
10057
10747
14194
86693
85069
81775
72244
91209
37516
44909
92933
33798
22501
95576
30810
71171
6241
31236
42916
63800
73629
1291
7010
4080
39930
76915
98374
51010
48127
91815
10740
65854
33933
46137
91732
81628
39973
72652
8886
48344
98044
52732
54362
48919
41837
99909
99357
32627
85393
24464
19015
21154
57848
58454
9303
8765
3737
10113
46762
8154
83400
21233
43081
45700
34168
27078
99865
76363
3843
49182
31197
33588
22350
94572
65755
20897
46928
58090
62242
40021
77558
65747
65616
23663
72800
89586
8005
75478
36834
82966
77890
29860
25890
731
64943
76810
9650
8661
14751
14759
44
22993
28783
36211
93267
85426
98803
63276
92699
88405
61837
45646
47870
6741
30595
17653
55616
19418
72900
44582
19072
24386
39529
20876
71291
1337
7698
21618
29629
88944
11247
38267
43339
47483
39976
54565
36963
29405
30396
87374
90782
44729
82779
48428
21129
32244
81989
19148
70136
47290
21194
90231
35761
70168
95686
75657
83464
7906
64920
