37036
17569
10185
64459
53715
97748
75544
17756
98396
86185
16310
16690
34091
95872
86969
1888
52008
41583
68062
69490
90051
65354
38096
51482
5885
22863
42238
48798
29388
11572
38174
96554
23849
99029
78195
63823
85807
80140
8496
59084
67931
15889
37205
89992
79107
46095
3008
6011
33974
18563
3349
70389
48889
24036
61176
71681
79472
58703
58573
30851
55509
26745
88367
86823
48010
19755
92841
35061
17676
23146
16080
71867
33087
8978
1559
74162
28148
48104
72374
59790
19855
36227
14824
10825
8222
67785
47665
99812
37852
6514
84350
27103
21567
77645
3574
41185
27521
50381
41981
59352
53253
67946
88334
10828
2482
31482
37301
39910
22477
87013
43533
31368
86329
98782
10995
19282
11921
77542
78601
80225
72089
93029
97208
11162
38795
88976
50299
55442
5403
60373
46641
77767
6122
13021
6536
51909
47893
3996
8342
76740
30483
7754
77334
50839
62980
52981
40774
22784
66649
84292
29263
49979
71780
61756
87263
60224
70737
77171
72032
13506
81182
81859
34507
62103
40372
65766
25246
73307
92246
59086
71388
7925
69200
1860
49742
64334
15694
46369
48181
85814
48201
27515
88792
21111
31110
96662
5986
44365
25758
46311
81172
70721
31963
94835
95557
48623
73247
15230
10466
97214
27735
67466
30538
7563
12903
21338
80778
69919
12014
22928
44529
24367
28989
86217
65304
53667
93067
13395
30993
43710
59779
80880
47549
45934
77914
667
75961
74364
6303
1118
91086
464
35903
50966
58079
80734
96976
81229
8208
9772
15883
36067
32351
2829
1782
56804
41732
45746
29531
41890
55556
59851
84237
66755
37435
46854
19917
84603
29648
12236
45376
6413
63616
10895
31841
44065
88463
78022
28138
84569
56690
11837
5187
21221
27827
23712
48528
44719
44152
21109
58935
30215
44833
64412
45562
31235
16227
69148
13531
11224
60817
12373
51580
95971
64395
9469
72450
21456
70987
57716
68341
63709
17607
44961
85199
43718
54664
63015
38928
13723
98325
75198
40451
8539
53301
15161
61580
99203
65332
606
27838
19315
64491
16913
23752
44317
60256
9215
56826
18357
51261
27072
73731
86435
52768
95225
12607
99871
79213
1843
76570
53211
30219
99807
12898
85619
71921
43041
42670
49233
47889
73247
56123
70380
29878
49025
99217
693
21209
40882
83461
45448
6189
20571
62462
71253
1466
54015
55771
58075
2553
61708
19990
63488
24035
74626
89096
64683
4014
38132
72395
17215
66544
7592
70467
78014
70948
3350
56556
3743
96007
11913
78662
38331
18382
31122
47021
9648
37345
41644
84152
17906
87270
84595
46679
86181
53256
92634
46345
55251
59929
34534
96678
83076
68486
66246
78903
98597
50103
84448
305
98115
97458
52028
62067
90639
83046
81659
45106
92913
27605
79447
27338
62370
53979
54489
29945
81949
60912
84286
24757
78313
57005
1304
43813
61473
15235
95585
69844
52136
52218
48424
59545
52897
41339
86037
20447
35242
22527
56040
3135
71597
47527
53431
27646
80481
7195
34308
29096
13997
36300
96954
37684
65816
59690
21991
41109
96153
8214
594
75404
87460
11814
92970
40694
79180
19902
74441
21030
67942
34041
94703
59421
4872
81151
53160
30785
3574
73658
63332
54278
80926
66488
55847
15835
55264
10739
93728
93206
19348
44927
24293
27028
21933
80635
15674
59782
54557
12737
48466
60578
32754
13278
61154
79955
41597
37532
32811
84665
6530
91205
37535
22495
44881
46316
94478
20971
55967
77135
85429
68440
26174
81234
1682
23014
9748
67674
37487
24237
65476
93377
76228
90837
25191
2753
21523
67647
5334
75892
74237
17731
