91778
35260
15208
23317
72618
49412
60259
6582
96622
71071
72236
69809
72554
83204
54101
34360
46059
87827
97360
91585
67760
38454
12161
15839
57134
91969
90814
94154
92505
25040
89234
37691
11155
11444
43895
27799
15901
76144
94765
40397
39930
9378
23943
93257
25873
18062
99813
74534
76575
75273
95884
77748
93752
55647
15051
53323
23098
99369
66182
80648
58597
66105
14076
71581
81837
34545
58654
61110
39308
26301
18458
69914
93061
56962
51655
58382
14511
18904
89965
39072
92156
16280
17578
17232
29156
11485
43939
55507
96392
90572
4701
16532
9962
14117
81800
73824
95301
52361
11419
91328
59408
38703
35225
50273
56814
25969
84687
36789
3991
56669
38811
4194
9403
27109
88492
42316
48526
96843
42425
70352
90605
3146
64717
48735
21600
1926
59952
78944
75161
77830
63081
62149
7484
98636
79664
53452
81054
67305
60418
3186
26797
7149
51515
39723
51761
506
7129
82852
25625
39483
25298
98457
9936
41067
723
56261
73985
86489
28672
54888
66017
5743
61628
26161
93587
76661
96709
10766
47445
35039
61261
81221
36425
39239
43554
83455
51630
24994
96974
21093
94797
77100
53318
35677
52532
64623
52213
66417
97913
23402
79467
94565
38632
5530
37169
21054
45521
25354
46135
75099
3797
96362
35407
90585
78221
44076
62031
70696
97512
17267
4631
48990
89515
7579
60091
88917
52424
25950
73629
28963
24448
30292
12853
24042
55571
66696
42589
30895
2070
22500
37934
26275
78859
21875
17296
98434
41692
62732
57456
8455
2591
81516
68904
80646
18770
30476
5050
31053
45439
48251
68629
19571
51725
17171
50650
73505
83508
11364
35014
11525
1486
31136
68626
75012
79332
78356
70131
67639
90282
61656
47224
89691
68494
65173
26372
42932
61387
32207
5271
25094
61646
11536
85456
53818
53870
18363
74550
61688
71224
43791
14926
30328
27718
45930
6968
71455
12889
93892
1313
40414
60345
37410
40770
83782
1027
78938
51077
86551
90799
7718
12117
51301
6092
9919
49878
89950
45679
14808
21141
60969
3805
8442
96415
46490
46730
16896
61972
22563
58205
54916
30042
67494
30894
64857
64748
24236
70765
1673
52790
74932
67285
87999
70889
63505
31673
63624
24235
17799
96052
17018
25775
98081
72750
40343
36609
51903
40994
94280
37052
84131
16965
28513
28346
35882
77675
44623
20407
41235
45170
25642
19184
44006
62017
46209
93684
15806
37553
32910
14816
83105
92660
44173
26511
41186
29141
31961
94743
90550
28247
12845
83241
76485
64620
68659
57967
38772
59652
35006
85829
87050
43217
82999
72628
70409
97833
81769
36063
26541
46659
20802
14349
8084
79463
53947
91470
72791
2002
87159
6741
45714
49879
29856
12988
32324
42400
42699
79385
93358
88242
54911
56153
2547
47080
27765
39888
9661
71545
56101
43353
47371
95897
68202
43891
7444
98496
75157
97021
10673
77188
85175
36769
72493
28265
40115
37171
13360
70011
40303
28008
55134
2383
42705
38298
91747
64649
11802
61004
51697
14059
81809
1246
45900
43806
59369
49816
81676
85965
5543
33828
67243
45677
68711
16169
3067
18142
83660
74282
6964
90594
26527
39649
31241
28093
88218
44988
53192
29904
52144
42795
86693
14153
45323
96614
95379
83928
90868
28686
68895
90298
55494
27395
64468
6474
60765
9457
33671
26535
35231
73604
80988
37520
54039
61103
87531
42159
70005
17807
55587
14381
96624
51771
33821
62747
47134
53090
353
72097
20790
19138
27273
54973
5386
16666
35099
99132
75181
24766
67327
78761
11316
26656
94673
78539
61807
49173
60113
84220
9082
53219
13923
73061
73099
54514
93673
3722
93574
1720
59340
7675
9103
61574
5745
16093
46331
26014
32133
37373
26003
88399
66977
45238
50479
76825
3064
69968
57098
55282
940
97961
92976
16133
63014
67570
5214
54212
81874
50872
22992
31376
5558
73461
65426
59652
69658
49742
20910
78580
32207
35792
17039
22740
58216
20683
86242
68685
22581
96274
51449
23704
46624
38291
780
61378
14698
92970
98559
38174
10878
92119
44140
81261
14380
94627
82841
93516
79811
90827
7167
53322
49057
78518
23074
65147
80921
70236
57916
42331
81328
36529
31630
85599
99422
99287
84752
67266
72680
4047
44954
76688
51182
82735
67701
40088
91651
35777
8359
63589
37842
92725
88873
31753
89107
98126
74647
68105
15217
35633
80456
44462
35053
56228
56846
74349
60488
58540
81838
15092
9874
15574
20835
75764
45873
30478
2140
66321
10817
82986
73495
45143
61876
94327
4488
88602
47655
99876
96492
1296
24640
16646
52049
37047
23590
491
41634
94954
25889
93352
79599
33111
53939
93266
53714
22267
71890
13109
85880
58628
95986
8325
57288
32230
62137
35313
82585
40726
51739
68244
26693
60611
62047
80542
90452
93227
63525
83788
52173
45381
88843
7185
40432
17465
3387
40384
91204
68609
40612
82220
16712
34546
13996
37864
5309
16315
59358
19818
74910
88277
17906
908
43214
57645
66658
18987
71063
73396
2814
60487
58742
88101
60935
40498
69784
88800
67892
39823
28843
21752
44108
13975
114
69519
51531
92146
46615
24183
75232
74136
33869
43707
8878
63895
27475
87935
63971
82787
50806
84399
69321
17807
65795
80125
23478
28610
73610
73497
68080
16509
48422
19534
90974
53157
44169
3930
794
73695
6113
74511
72371
46879
98164
28677
26617
15034
79223
97040
13023
81849
24829
85105
89016
44444
52431
26300
48180
19989
