22921
18535
73118
56103
58723
25714
14334
52732
55720
19725
23544
87141
90276
76673
76294
12027
22441
19643
37118
53507
8443
49386
76570
60473
86231
91679
63317
30518
46530
725
17868
55750
80805
27654
83192
55975
99253
90776
39440
2963
12282
62302
23502
77314
89478
94707
34552
8431
12721
32416
29990
6657
11062
66481
37597
73534
41965
12644
69872
67043
62396
83816
6201
54995
1857
67794
6335
62621
93481
20319
12773
31664
80202
34154
41225
46140
25884
99255
70995
91523
57126
54885
17796
14114
70735
11211
44687
14323
90057
9657
14009
86609
20904
72397
40566
28465
56101
68507
75457
21683
88372
71931
14950
92402
19642
98325
26454
76907
25256
91456
47650
42710
41649
78348
9916
7511
66020
92087
84259
90645
23107
92012
72564
83823
6309
26164
10759
7805
93588
12759
90039
57376
23797
49311
3151
85195
39934
25393
94471
72410
84756
67780
89067
98601
62007
71299
44960
42555
62480
33055
62445
64014
84248
84812
98576
96360
99366
31127
86093
93477
87565
18649
83319
12496
1416
90274
18912
92337
75197
24720
67576
40627
97615
11848
5888
55326
2944
73963
21816
35009
81204
68204
45324
60532
50314
26025
73127
38985
50735
6791
85829
8807
39300
993
84844
66107
84460
76571
97184
71733
52386
52622
67358
37759
65478
21818
66398
72399
78923
43249
93415
25403
9311
51083
12273
19361
73324
22786
62182
75390
17146
79927
41602
68406
38891
58769
1327
96621
27004
39781
70866
26373
76778
50082
82622
28581
845
7564
95054
28496
59626
728
60061
7485
13375
60426
99496
88216
88720
65483
92782
61673
14388
21793
54586
72459
11020
98951
98868
6709
20490
69777
45395
39142
72383
67042
48624
59228
68460
83692
18515
65760
27732
33686
15764
16418
19865
34116
55031
78465
59272
13110
7901
61520
46998
9192
11984
54985
95495
10163
17560
1894
8696
88344
8005
89849
55332
20919
35101
46332
11801
40267
19755
5027
46968
27022
33941
80702
6029
38168
52593
76903
43920
20403
47436
7379
61876
83875
92144
63191
55057
93639
63732
58297
66131
16621
57063
39388
25680
25915
61085
98946
99015
8698
66663
19004
93355
2873
14552
19975
75251
31282
48955
57327
57569
40656
57973
88293
40907
625
27972
71457
28775
71910
91274
18162
76535
61457
38896
30346
69958
94552
55021
80114
77082
53647
77888
35222
53739
28432
14024
59003
69322
72168
87940
23775
44683
6405
728
25474
58648
68770
98480
25055
97942
89627
70171
27105
17423
48501
42469
31898
63976
84205
50016
80698
76261
68841
80244
3921
62768
22750
34553
12475
86601
68969
2134
56606
83969
67499
73478
70130
60729
13421
71698
1188
96072
29965
82171
87454
83476
50783
17799
5238
85962
82126
95026
85117
22151
7241
47514
75841
26161
96806
62706
35897
34216
86005
38454
28972
87493
13564
43135
49923
75022
72339
71169
50555
12506
48828
84626
46295
86670
92789
20444
11984
4951
29315
26512
4475
73943
17017
34455
76727
19984
97636
43969
63922
50714
35801
66971
10066
91511
53199
99961
69912
7647
67875
30215
13623
10956
44470
72610
73323
22615
1219
89171
33371
76362
50721
30945
4901
59492
33979
55029
70475
79108
66407
29938
77385
28370
7246
99840
76705
81856
74559
54783
33471
92827
50532
4336
37076
99099
12889
