67756
50606
87413
32099
68945
52954
56502
31051
40508
66070
10387
69116
72034
30483
87983
32932
78506
36591
27401
50525
70094
37844
20453
25334
82168
23889
18383
71474
82821
70467
79896
98559
18067
36073
39706
4905
64575
17520
60475
16170
64557
12087
29267
75969
73428
83591
83918
81509
86289
21433
62711
19371
31950
89423
60595
29912
30152
62078
49930
45055
34571
85028
48230
70041
86173
11828
51048
35961
90777
83078
68357
60986
76115
11230
85967
58007
8577
44484
51906
98577
39970
36874
85184
61388
7756
60525
66608
28644
75478
9794
74753
2496
67589
15419
81599
79529
63857
59226
89795
61599
32542
47957
90731
3211
53075
1724
43255
20719
3455
2587
21334
85668
10172
51352
5085
97697
99844
86841
62284
25648
45220
22404
60482
80983
8325
65860
93397
60695
29631
6437
94150
49351
54688
90306
66035
92013
46142
81972
8312
6031
17269
45888
25188
72890
88459
89085
92323
16236
10334
83901
79684
77015
96941
64146
16379
10138
87474
9748
94886
87215
8327
82560
91087
97018
8437
71983
30979
19866
85317
13071
51555
17871
78529
56253
8379
99331
97215
87591
92524
19240
73536
77160
50360
45730
26752
17135
52410
90542
73926
55897
4538
36394
87086
21096
97704
34709
54800
28170
64453
16475
58106
72456
30919
97263
32346
61813
98485
40687
55767
17048
12922
99883
17224
75646
13678
31167
32199
45357
70265
91302
19573
40436
45940
29419
8533
15160
30785
57432
58549
73670
44530
69045
23138
76048
61134
1080
46241
53097
13383
64939
18649
11722
34774
56877
42974
4655
19170
11439
7418
66536
2509
9443
57904
73151
96902
17669
26516
1499
88729
17185
31027
41052
82138
82097
72517
43877
76744
41175
14512
12598
84926
79101
31974
5326
72652
7850
5662
89062
86445
3878
95990
19345
50014
92012
71160
35087
11140
49987
79146
43464
74563
44741
64368
96197
33911
77596
29584
52676
84360
99097
27910
77994
96927
94820
81610
23407
77468
52578
498
89051
12006
37454
15054
84851
21194
11682
91038
90125
10937
37430
32736
26757
62029
71047
38034
40184
14733
35776
71414
95055
78266
52986
4702
87347
75968
17996
22418
55194
10401
47752
57618
58562
49488
90094
31458
37109
29687
79517
75003
22229
86558
39458
41739
46929
66361
1152
15964
25880
56785
41426
8674
41692
81164
5442
10784
59020
32751
27706
8882
3198
89263
35843
79724
63184
79811
74174
