97911
10180
70232
80717
71799
56436
7717
2785
78502
22242
29257
12813
30304
36318
3331
78825
23424
96095
67854
7113
4740
62746
42474
19708
25306
17891
27659
79483
8130
38786
79779
63869
74579
31159
34841
85652
61939
63328
84972
85375
42286
88858
5445
143
35898
59139
38111
1450
18425
12954
94861
37161
27952
21435
43414
35164
67706
50523
55411
53908
28777
28234
94654
39715
42462
65387
38234
99145
1477
17679
16885
60096
11123
82478
64826
15881
57301
42330
83810
66167
79779
26209
61057
95176
43925
42618
35917
53143
87744
99676
17945
11415
7916
31064
56598
14051
94204
65729
57680
70510
20905
38966
99972
746
96069
34765
26037
45473
56608
27533
77863
25375
66713
89244
74128
2567
67177
99478
95790
99843
29470
85090
11400
1800
99733
5469
52179
80059
25880
50774
21677
91571
84649
13299
45261
40812
26237
60311
99106
9159
16581
90443
96534
60211
21813
92570
44702
18672
56935
54031
46874
94725
69939
57837
41040
35814
27566
98172
1012
90599
82586
45977
19593
5834
5855
86291
40725
53413
43982
33316
76330
6866
371
86630
83262
39026
88555
51189
79987
7163
60767
33506
23124
71848
3900
26951
21632
26812
72259
9447
13246
28065
59298
8506
26572
70603
70849
90700
54355
35521
51844
91288
74689
23619
77701
40008
94353
83308
74574
2013
47259
76376
18184
93849
29832
49079
22853
47745
1933
78904
64659
13913
81153
34535
20069
48264
47567
91865
60057
12659
68176
97854
96834
44466
55318
69478
58816
99505
94146
63892
32597
38323
52238
70246
62187
36870
9880
65449
78674
77493
47749
23104
88767
75450
70861
37931
10135
40154
3549
29436
92440
2488
23250
61915
33836
49404
79542
73718
38530
60353
90262
23348
53598
38041
46306
26335
61674
10907
72347
83199
38384
82118
13190
82564
64909
45072
9087
21383
73604
17386
59343
18662
95955
64709
71451
30108
15073
90322
36410
12783
57327
36162
26918
18320
87230
24401
69505
50726
29143
44526
76256
99227
67806
20350
91052
10322
89297
40685
97006
88764
40316
58158
113
21144
1009
71600
27393
88888
66589
16198
11262
71352
74497
59564
25871
2221
55199
94870
95334
40508
75566
58361
92239
29078
41129
60115
50856
75604
73657
61129
40811
74387
93316
47645
72466
99169
36048
5774
17310
15630
97007
80617
84136
12945
33263
4904
24730
8242
94479
88830
55122
94427
45351
56497
13197
81955
65919
71035
80014
40894
20743
51789
15231
5459
75387
36874
78035
26851
87097
26702
66172
49425
77559
79703
43500
94949
74224
79293
95814
36225
35384
42613
81124
84827
6006
46383
29036
36818
34448
90511
33249
65013
25759
76416
94886
45218
65386
78677
37558
96389
26868
97879
21144
67777
22657
5697
16867
65647
12997
18248
7731
86625
75220
43789
5509
78129
70664
30403
99453
29003
7837
41217
92403
96586
93452
1159
23665
1143
84817
98282
29563
95547
41734
99424
9356
37505
21469
13347
62169
309
29515
63389
23821
16199
82780
46624
89792
81970
70907
16756
74553
34982
79223
8555
88551
85651
5476
24558
74325
21498
82031
15724
80830
14714
88685
12183
44890
75796
34432
68004
56660
57317
68234
99144
99487
44448
17395
76203
13806
46827
11366
41695
30236
68060
23728
94580
16323
33179
10872
23704
32028
96911
39021
40671
18277
13791
82558
9106
27513
70596
1733
13996
47537
2902
60095
17236
66747
80079
9067
44103
68255
29272
10751
