10131
40336
85488
12769
90985
94104
95860
11711
64923
10728
35975
59749
18295
27562
80866
85696
61889
8288
48689
43210
45093
97370
94157
27333
7964
6492
27832
36244
24111
66769
55449
2755
86159
11524
30540
77941
28302
69789
18121
33409
74736
90022
49073
36809
66926
346
98941
39185
99212
23371
82213
59966
80583
67541
82403
12760
46178
58155
4804
84493
66271
59616
87599
98153
55278
33220
73590
6771
97022
2925
57393
92100
90167
15280
68473
55071
48297
57348
60406
7618
7550
88647
37031
740
84556
95482
22172
18617
29120
17780
31762
70147
64984
33627
67137
15120
2423
50919
81530
33706
26755
92170
42162
96286
65978
90112
69798
65302
99067
27332
64463
88830
97748
97185
76943
77623
22584
86859
13596
59796
11048
54973
77651
79242
71163
87245
27115
56540
48142
53353
52648
97377
75817
26700
80862
15380
46484
40744
34761
94444
25683
56869
19549
1787
53317
42931
72399
67799
56684
89513
92535
15563
37323
21734
22658
71782
14519
62920
25123
78733
62997
13258
17159
45714
74684
67085
13013
71048
16322
61563
31138
81839
52097
19152
34113
54178
35424
75863
25925
28231
14845
59316
99856
58629
60818
37084
60054
54083
4042
9080
860
83564
15621
56028
31446
12424
39709
73835
27102
86231
29918
1351
51476
95121
58374
10696
63466
18170
87620
68479
36358
38655
36995
96892
63887
3680
13402
58530
84896
37600
7030
58930
67005
7242
60702
47574
66217
96069
87705
21688
14468
61589
48761
39693
98312
13494
7840
4734
254
50121
73617
41884
66462
35562
72722
62205
46568
18729
92140
27766
99022
81179
88939
89502
79201
70988
34345
44234
34418
10800
44478
67397
30464
65932
54010
74768
89894
97302
98579
50392
95840
8667
58276
34774
63982
65146
92467
31443
34519
98497
1006
47488
3928
59939
22666
33289
72650
59259
60492
27324
79149
63606
70315
89453
5643
6220
11419
529
81552
97953
72310
49266
20150
41748
31925
90354
22903
54164
25519
14054
78520
2902
9714
35921
9794
96989
63468
70525
43266
20720
2118
30635
36810
71255
71243
32234
38351
68822
29131
57762
53726
91937
49890
36566
26186
51739
27338
62180
28013
32311
10386
18485
33739
46437
48803
76247
53891
