79659
8653
42751
40894
57263
60831
95834
41675
12456
48895
70504
99690
52002
54081
25033
67757
60327
86583
53011
73148
9735
58054
69651
1288
42511
10954
10334
83633
96895
90372
22451
94996
78342
3957
89162
20478
15010
12832
34673
89058
40731
84511
39283
78443
91675
28323
80309
56305
93452
65982
86109
62219
23235
80743
24658
21605
39001
41463
98382
46309
50496
12201
44779
22083
26443
75508
21347
48044
64918
4555
52746
47494
51909
63952
32416
25223
18770
91208
9613
14188
30644
54029
90181
30913
4262
60231
71760
97599
79298
67557
81476
73547
14449
88363
38561
28530
39732
17200
52000
16166
6975
32264
91386
88897
13235
38615
10310
59282
48326
99435
2834
47793
31849
84194
15665
96467
22020
13866
17821
66211
3747
23748
68746
97361
23078
79199
33044
63545
25391
3886
85491
1570
39208
93446
7213
98379
62642
1284
17677
65647
49921
12478
49272
79863
64722
33683
41697
30255
72698
42094
6509
25866
99379
85788
12419
83226
63518
94025
65818
34036
5570
46764
33891
44440
13944
1264
8585
38402
76981
17285
33824
20736
96188
52173
16290
91269
74476
88882
32638
89395
37501
2789
90847
83296
97376
59625
2191
53419
81027
23986
34861
68617
35465
83641
60077
3156
78586
4832
65919
63458
25097
3294
53274
55413
8269
85773
29677
47205
69498
21149
8750
74635
61386
76423
96534
2780
55917
50594
47063
54318
99072
55165
57375
52995
82423
65207
85270
12547
92096
13133
12682
69644
22963
69179
64297
34207
49515
35433
75027
11603
29947
54985
83921
59877
15235
60225
7230
59042
87106
57296
47239
27992
57768
11600
64385
69932
45919
279
72989
43062
502
17129
55109
56364
8466
39106
51672
92206
12125
62327
53265
20483
75567
35459
24370
44087
71244
97497
37759
22198
57976
26227
25440
34799
65894
84690
11875
11362
4794
94365
88288
49236
62444
31964
11100
12818
99875
27556
51411
76129
8552
15023
46917
24779
4031
26756
52424
22308
87229
20298
98688
48421
62519
50790
85086
74274
91689
20310
90470
23775
27231
40309
87412
17760
74039
4028
58038
43603
24359
11552
44211
43687
46086
61630
13645
42952
79310
660
30767
39137
32266
89566
24133
84496
95677
39866
86716
11653
46878
36825
21129
79565
37086
27635
48898
68243
27611
29157
50740
2
68717
8821
97949
75676
76086
55000
2334
889
37144
42133
94964
91028
89542
51332
91509
37664
16176
2916
22082
34172
17312
46384
96725
87533
90423
64646
6600
18451
12732
45402
15341
50153
49920
30765
70420
23445
91617
48456
8409
40676
37531
85826
74509
4744
41861
30100
90022
85753
36125
