28310
842
2791
22745
2695
35470
20631
85042
3507
92574
87910
48737
70622
33733
74790
29290
79109
40897
95539
77347
94517
50417
38277
32700
4414
71534
13893
43348
23379
53238
64327
89178
27850
83349
43417
92997
20574
79903
78738
62034
25822
63728
32613
74367
89241
45627
41946
86008
90967
44732
13006
41988
546
67554
12365
77893
62564
70091
18330
31161
21577
77283
61662
50268
28246
98732
20887
87272
90316
81793
8716
99206
62158
33505
51524
30789
17803
63910
43458
58787
29587
27884
52380
78647
40231
22338
88631
60295
70983
65523
30432
50483
61573
47577
40456
48539
2065
82344
46120
90509
24740
54673
95692
9174
36016
13799
79830
67040
16029
81576
60090
98654
26632
59542
1574
93692
24903
83015
10036
5908
10100
60591
16288
24792
51360
58232
37633
14581
93049
2985
28724
35459
17789
52948
34047
74913
32192
43206
42631
26432
42508
21590
44265
89407
5433
31778
23850
2030
46002
46763
23636
19049
72307
40212
80409
64148
38384
70899
57813
77783
76165
