73991
13044
52852
24630
80864
73683
25495
26660
61500
81697
40384
83604
63399
88509
16326
26881
19359
19582
34382
35603
68578
46285
79349
9674
63151
77577
72539
69898
36528
61292
85392
64848
50266
77259
47599
31220
36555
80802
50913
50166
76534
19342
85263
41938
78665
88702
76812
91899
47821
11503
51540
38230
43400
40562
96670
27705
33695
43178
61478
3286
1144
55596
90131
207
96304
75536
33338
86140
40910
85105
90326
38556
68669
84216
59068
49236
61022
37410
31008
74448
765
80639
22077
25025
9752
47161
21447
9703
80588
19893
97525
93377
19323
47626
49022
20937
29210
85055
45634
3129
55364
90672
50989
62716
21176
12983
69561
59184
81493
47434
66683
96284
12169
87029
2521
20504
33519
65106
90454
49143
54088
23634
5551
21016
87579
96949
19232
21042
35193
38131
20025
75966
91776
27879
19084
10093
29649
59360
3848
96768
77599
62263
28209
33153
53209
1241
81207
32293
45104
28517
87417
64104
94600
96491
49040
31730
85120
29972
75136
24227
93751
48518
23990
43362
27409
90716
4508
84289
67945
92428
90854
74159
61257
93686
71543
91825
95424
72398
67807
86338
15741
86938
75938
6676
50713
55921
81366
95285
78838
87353
24972
99676
84224
79621
3017
29081
38272
84847
5744
62493
96732
96918
64348
52676
37662
13258
2847
914
24947
57215
36305
12721
62165
88798
8486
6812
72580
17314
92649
71488
9350
9223
5451
80592
67455
91178
89935
81636
90668
42462
53552
10577
66653
5313
89605
18823
22590
23261
69013
37454
53074
80451
70337
21622
51047
12250
37511
95425
71134
96205
56500
20957
92197
34256
53142
87509
91466
83755
85220
46484
23323
21210
10246
82485
3662
25728
46067
56852
99192
89663
84221
49318
48301
55195
18414
28899
38886
83828
29544
55205
53666
94509
10501
94463
85961
32595
18380
32397
52170
2096
27356
38834
38041
22528
14130
31863
70205
87851
17960
25319
66182
80658
96233
81471
11983
7181
72656
37002
15842
24243
48623
7638
54211
30015
92817
28814
10709
15783
96523
71067
7348
13670
4681
97096
62306
45386
11277
25772
41064
86550
58694
51034
65868
4224
89022
73008
98276
29029
82479
78780
59938
81377
16555
27927
53472
19718
84623
8026
29711
85316
21153
54421
91327
46892
17970
52512
75977
99136
19165
66597
95904
46884
95937
29291
65549
97588
41769
49986
40993
19809
30537
81679
33303
17743
11128
25970
97115
76754
43623
42588
60763
3250
96061
55747
65397
4272
59707
18975
86254
36509
97030
99139
9864
15882
82875
13054
85439
87263
62377
55884
77948
34636
67033
9901
54778
39473
21117
73583
35763
91999
55397
99222
55512
76577
5833
92653
50823
40190
63893
61277
37881
22793
63732
4483
22778
31397
71815
17421
34867
98074
40530
9851
14377
87739
64639
26127
36217
86159
969
25923
83154
86123
83211
94254
81112
97808
43627
33287
10048
90222
62231
45249
23370
1100
18002
55154
70903
62549
87123
23380
67658
3696
38716
37689
51469
45546
84845
67772
11937
79706
56436
64663
39221
37970
78122
51758
39581
69478
23371
24970
87770
38527
7373
44645
35843
95281
86481
13276
69737
9484
55223
73667
99036
77588
58265
79458
47406
45522
42785
35565
12962
75855
21349
30341
33785
97567
6028
85399
22977
66244
15572
1424
39178
62152
35610
29130
96322
94070
1845
56187
59065
71569
98035
2452
24482
82769
65626
61632
79705
98664
4351
94059
26693
87805
12008
11915
17177
77031
10859
38275
89252
1081
90299
3493
93911
53798
34488
36884
41978
29134
83135
53335
43676
86597
76500
41393
77820
18897
5859
51016
31940
44395
5694
24312
61892
21513
74731
51372
50144
23695
11953
19290
83211
63569
66934
57983
81269
94541
8541
70683
48280
28742
19654
50571
15529
51015
50382
40096
11305
70614
34095
98280
71172
59843
6335
44857
95386
65986
41600
72398
79067
83115
86739
18282
17181
63844
70124
80107
19662
18516
60123
83278
10356
35175
2735
3197
24740
55123
8783
10877
71131
34635
40067
79529
89600
13672
48118
23368
57234
22077
62596
15282
52941
36142
91616
65164
42003
1371
33390
51684
80890
70275
20433
92788
10491
50816
87924
35997
57107
3137
20116
40263
57202
30722
1267
44431
43047
7210
28682
3508
15726
46756
22872
97584
55919
44840
30336
74213
43558
37570
61194
23369
21733
57099
29986
855
14201
47279
69038
38783
25747
12121
66260
54097
1961
22333
58080
