34875
47185
22117
34792
72688
29881
35958
34134
47403
22848
36868
65650
20479
13711
92438
19536
41942
96746
18530
103
735
411
30229
95768
38172
89899
77760
3605
80495
68775
95622
33586
86760
8118
39337
96373
15453
26401
50680
91851
21141
95852
53452
91353
10410
3387
18303
12036
19682
46724
12154
5214
3802
57976
21482
34464
16955
26348
96620
82789
52120
32352
53639
78627
27225
3282
78890
12361
74373
96065
4082
15541
46066
26678
78962
4883
46958
38876
85357
34784
71596
65724
83922
33771
56620
90408
29783
28784
86635
4873
79418
89105
29781
67890
39730
88788
42213
74824
64127
7128
24497
5941
37662
23617
42641
96612
59147
77124
79013
16599
87505
78078
40990
61835
11193
86396
48430
19867
22006
36817
73498
50105
25726
69500
16647
14977
85760
78176
86948
90174
62670
72133
74749
78228
10287
65654
28061
60305
91129
60007
31260
52659
49770
70035
17368
1339
48114
67945
56697
53333
40358
22345
52817
27309
33630
74391
80214
68162
6969
27663
10852
80971
90176
88839
53929
15371
3329
62762
51548
45538
58335
88124
28738
61999
5557
20839
335
55691
52132
15307
66863
17814
21478
33614
49816
40324
19315
47440
44598
35896
85439
59898
53335
63466
49155
50288
62483
60930
16106
1996
98010
85352
16397
11158
94998
52233
93607
90818
21751
12791
74056
24523
16030
91662
60799
93038
59493
56561
39023
13604
96055
55888
18163
15651
60098
98436
34788
65272
12843
55269
58355
39404
39584
50135
17297
81511
1417
10319
38615
97582
46717
28497
25688
31807
61839
60916
43868
61673
2666
56116
90795
5921
21907
2501
5940
42121
67188
745
51060
96562
17445
28335
77975
66482
54435
34651
84939
65894
74365
79288
91620
49173
17946
41441
66887
67558
30200
86355
53812
99182
54568
73114
62605
56726
64474
52433
17497
37083
44194
75175
14322
671
59259
42053
80136
18382
50522
59205
77372
