15701
99501
46025
40698
86105
74808
65384
87376
95527
81056
97219
71644
50442
36166
70942
67014
10412
8067
69304
10406
93058
33961
69146
71619
41674
22819
85202
47411
91549
12602
81878
35502
81842
30780
90580
49419
78865
86558
934
27696
32343
24435
84825
69537
73117
39551
73896
20359
76162
11095
82017
55028
83612
34398
55616
81739
30354
74406
99024
63285
89605
17973
95827
82924
99178
61717
89802
19662
45586
21523
88149
23854
7133
41607
78063
68622
49136
99608
98501
2123
48923
64842
71248
80453
30584
26849
51890
47444
75163
8841
19064
4459
87534
37648
38090
14370
28608
1900
70359
11400
49749
54234
74773
54639
22945
58163
47894
42004
56334
86994
32602
30746
75904
96900
14362
24762
46724
15373
52340
72328
9826
42358
44499
36744
2458
83690
36320
69484
3516
63693
40014
47236
29249
87100
52374
94688
90069
16609
57507
72421
78955
9886
91109
88169
76238
88318
28554
90633
23285
13328
67645
13234
49560
98031
1574
7390
9734
38029
52180
39255
21843
78409
38487
92641
46979
85366
1497
88803
44526
19673
34693
30115
57866
79919
93373
99940
51248
56330
60505
14140
55135
45686
46199
90188
96047
26779
97676
31217
85526
44983
84954
52039
64428
18251
50577
545
71399
98468
41189
90872
86820
39751
46106
3611
78634
37530
55368
69640
4658
1634
56141
53404
77523
38039
84120
76156
32210
48298
96593
20199
87689
70279
3276
99543
34719
82654
65686
39614
29341
92828
28540
52780
15140
69632
27320
15384
99580
42587
11554
58517
71411
28035
26559
83892
88841
31549
74515
26388
34131
74421
68334
23100
1874
20989
3182
16540
36474
46563
68891
95980
71844
15754
40299
11830
73093
3361
38264
7890
10719
68735
76576
89622
36744
38076
48788
59654
43720
19383
10701
3170
8138
39297
5482
54920
24493
5440
50905
94150
66450
10779
78909
53017
73695
15573
86673
55656
87736
14729
10799
85479
93284
66624
15669
65396
97844
78711
86355
63798
72201
43528
72820
17090
35861
65721
87842
32546
10272
85378
87336
67652
52455
44113
41440
99940
89825
23559
15926
21170
51403
93131
71918
28990
8584
25221
9885
41513
23628
40086
57075
45781
19084
87107
21949
22921
37958
61819
17155
7974
27731
54126
45384
2357
27392
43147
33024
49171
25184
15728
75570
74285
62785
65185
12394
79069
71609
43829
8506
10639
55835
46329
8918
70185
28303
41555
48567
65347
22164
18519
61981
28006
6403
7952
93439
97276
47747
69561
1598
65436
92197
60714
16329
7899
64515
82790
82996
53899
74712
42880
51311
94128
53312
6516
52138
81402
45207
75198
74054
85837
94579
67676
27006
6664
53746
47563
67882
54832
71745
15118
31322
2048
42231
43069
18442
95121
30000
1018
5669
45512
58559
94668
90635
79283
67207
67853
74693
99887
55813
12037
52068
72548
95507
15760
70857
24520
33707
9664
54152
16952
14907
28163
82153
59594
11558
49263
51896
10243
88074
57017
51402
44188
69528
28541
27278
99911
77041
47723
39457
85893
72870
67995
99019
59708
63049
58773
6541
26471
72212
93921
61413
20335
46866
88717
30605
30395
12514
31040
67725
17943
15956
64450
11813
98795
60635
7879
3019
66965
88482
70946
47479
85984
70206
68259
44081
46912
29143
22445
96545
52784
42721
25425
38031
94152
95604
31066
97322
80811
97936
96882
87396
46001
79997
21513
69937
8419
56181
223
99073
55169
55754
39575
37989
1265
46442
75429
50129
78607
44635
83692
