90069
34495
14941
75222
90530
26419
17660
3191
29568
10557
22208
69029
91599
83549
1477
5986
48693
98321
35662
90730
28920
23371
41375
97029
3146
87436
36765
47710
20175
80937
18715
36175
14243
95630
97327
11506
65056
46291
79407
82000
38521
97032
69504
44612
33546
70545
46389
17716
44964
69442
1435
80285
8973
92961
72331
66697
93119
17911
72076
3093
89654
69949
83016
48631
91841
86032
54786
95968
86222
89971
40930
2401
18914
53661
52209
31888
53866
96763
63483
32600
41047
19048
2746
50732
79501
38429
27201
21282
23299
30629
18386
47144
74215
76313
92346
68571
14015
20873
52770
47513
15759
50421
31493
54992
28511
99033
61371
55311
40752
40443
12831
