65916
85756
95966
55659
88109
20272
92588
89275
78421
34776
58409
21328
57510
15489
80531
39752
43137
39197
87441
73343
70105
63722
48353
48228
41279
44502
72486
94376
51792
58338
74265
41356
17003
99446
19416
95235
30336
23923
38121
63390
56636
84170
35581
15170
31177
75273
78016
14457
76415
52802
93417
10498
77811
23833
5801
2194
37402
47738
14380
43607
47785
98211
37483
20083
60510
17053
4325
58064
96073
85295
9415
19214
1075
24050
16707
85935
28141
33183
17050
66006
66486
58028
17961
98990
64921
63767
63544
93169
93644
17222
57832
82597
9543
94514
15604
58424
46687
15497
54659
14124
70947
19952
18384
91119
43386
74202
9423
53761
7126
19866
74052
4219
30688
48373
77121
89757
80250
38492
55162
96743
53508
11156
64419
78851
27463
26817
9671
6560
8445
58282
39247
12643
78523
2925
95058
46534
39644
26841
55603
90718
54343
9783
86043
73778
43169
53613
51909
61169
17393
25847
78174
8194
60335
57916
60616
59791
55532
39533
63656
16568
64531
2862
45316
48843
80618
61409
25696
27762
53315
30586
50112
53408
82889
64443
42399
43725
25112
90641
35681
73849
74908
48502
89167
82597
80107
31053
52307
20607
42309
35267
91001
110
63184
39034
26186
51481
64466
37199
93159
81760
27916
24146
7853
86806
75735
24765
25305
95891
15516
16890
34678
64891
3851
89806
41660
16029
13695
62718
68735
49565
9101
5088
85453
18047
39585
50002
90223
43854
38257
90918
79258
87912
97481
53921
45932
50762
40648
2360
6862
55342
5748
56415
5090
25418
588
26109
96258
73378
97374
10157
37785
1748
68463
43594
72659
22827
38692
89806
47220
25732
34541
81450
57634
24597
37632
46766
67410
49930
43873
90897
75381
11334
55856
13393
43816
52685
99998
60035
17458
13476
53743
16845
46480
28100
53132
77510
19448
53887
81261
23104
12069
50841
55139
81129
20800
24297
98781
80492
87785
53822
58699
46327
29504
6476
34775
26450
45891
55070
99777
19973
22829
78657
72347
33744
71989
17696
34970
29533
71465
60122
27317
13522
68669
20769
78828
24539
56195
74726
92592
19519
53903
19505
72249
63636
54777
7415
87341
40003
93324
26682
31618
64378
54110
61287
275
33412
78494
21395
9140
3104
89327
69247
9027
27663
26505
45176
77658
8735
27648
10236
70255
71164
62478
80258
66070
3324
6408
8711
78967
64573
30354
94966
36209
44783
28504
62939
59411
7381
20493
45416
46045
34799
65586
89487
30191
84656
10477
44586
37131
9600
29756
78605
12355
83088
56426
60453
1900
73852
95217
96950
27003
69782
42428
44566
72749
94361
33038
64244
99158
63565
85765
70277
88241
82232
64190
35456
5577
72990
50066
81413
92846
61822
71580
69367
34817
51748
82610
53120
88356
68050
61039
85559
12163
23543
18412
76262
92371
21020
16737
35830
51618
46233
45427
73565
23834
59479
90364
30123
18897
20970
54875
28909
23785
13804
4104
65181
98202
73061
9748
21001
11750
79917
75887
31108
2526
205
58113
64698
63820
87928
43084
84556
56252
14236
29795
46613
16394
98014
45532
75338
61384
52487
34223
67386
13174
32129
61773
98359
19438
53230
78059
19310
11272
95736
24079
71700
70345
14318
71039
23628
1365
25666
66303
30969
77885
70318
72657
9549
84008
57491
48786
187
27528
34410
59616
59262
45694
8501
17933
70396
38432
59754
45259
10589
9868
23774
73284
60515
90156
58094
76267
2075
26975
21903
73972
35718
86184
3253
89501
42855
59472
52224
14350
61947
4443
77871
91781
76861
36120
64817
26006
61844
96385
642
85196
41610
80406
55713
21101
54111
97033
12142
19392
25913
81223
46710
73212
5625
60438
23898
73077
42440
18999
75077
10924
86208
45404
83312
6145
31996
31992
96423
24395
25339
32088
14423
5690
26333
36707
32362
55311
30471
82152
35390
45821
47330
32831
88436
80724
57733
4659
86155
16423
12221
91739
83565
42844
21307
89717
98987
96206
97094
49568
89104
22118
610
87746
94052
93825
66799
41020
46879
68918
28075
68587
42606
60288
83609
29255
63594
53376
56967
2587
48412
27336
45837
80000
12173
33600
48523
71579
84382
36615
37719
36155
58216
80902
93047
13272
45211
59583
38778
94611
13924
16713
57780
17237
88347
43634
49132
23276
59234
92051
26123
45611
39239
94506
1156
61767
76281
20609
75572
60452
45302
95220
56637
10263
31199
91920
10370
61703
67241
70337
84043
4011
14597
62356
88663
31698
69556
28599
91653
68539
84467
25246
12344
92331
10491
92108
96916
63709
79746
31279
36991
24602
84010
78326
49308
18704
60076
47516
86038
96427
33263
87428
56035
88896
8007
22112
31013
76882
5843
69457
92211
47681
28956
7033
75984
20055
82875
64305
99772
39091
95003
46661
81956
35961
33346
59441
20000
36271
13047
69959
71622
22040
42561
95225
35276
97038
69211
23447
84323
88379
61094
20034
57865
10289
39068
89309
95645
76977
2342
29252
35828
95770
47744
46946
1423
86602
5472
20073
55550
48566
2111
94742
63834
35884
97834
70170
5119
33730
71756
78945
