59427
79982
11392
77996
74969
88795
71667
96893
44036
63796
43023
33928
83794
34130
75852
74296
95614
93802
48674
91566
49137
67897
35757
86268
66352
56199
21981
12455
68897
84189
61915
5220
23396
78408
76401
15787
36351
68950
26454
97806
33804
23180
11513
84769
59087
60813
80040
1754
21982
95874
9505
39928
23081
87378
1707
91530
44225
25123
11643
18770
66813
59211
27995
59847
1880
37803
10532
5386
57729
60065
37944
26664
67347
50867
57762
25956
56383
50987
27180
5539
76159
20226
90473
73023
74684
21986
82138
36018
76700
84870
71561
11228
57306
7684
30993
74593
95184
51666
82888
21284
50280
74653
44025
61917
57930
82841
72580
72214
29616
75750
35146
93238
97942
6103
42611
46587
68738
54972
85162
79894
55664
74514
28686
72858
88503
26716
69357
59663
19874
83169
30772
4717
68098
5896
55258
1505
76201
28556
15093
91843
49406
9924
6401
950
49724
78323
13285
51203
65072
84406
5854
40211
66504
2994
65620
75766
45967
71167
73413
31213
13483
12916
52339
46447
44978
30429
25139
92046
50845
41105
70385
40182
39879
93318
30487
45740
68112
27735
23133
10179
13430
18154
94590
35468
77314
90560
38212
65103
40276
79492
55538
5034
55142
83879
78359
36489
57584
59954
55972
19295
53183
21238
358
23967
14020
65671
331
73185
72506
19880
7654
18231
48033
63234
17782
95329
18326
16871
69132
54417
92216
60036
51770
71352
85566
65350
85040
56000
14959
93998
88155
8158
71763
3838
56996
92192
17796
70623
21447
11643
90228
65027
92596
20395
71838
37307
57001
91908
66096
83030
18163
40713
90821
1554
27079
93147
69468
29005
38401
48669
80630
44331
58226
78508
31724
99495
46467
44195
6237
25590
77533
47703
95423
57489
64188
27188
67439
31374
99514
48258
8349
93132
89904
31928
75835
47442
17336
70209
76759
63849
22723
88790
32221
72778
31012
45897
6801
14088
88671
72342
90840
12805
85670
40505
5496
70460
45290
33332
37366
99890
25707
38093
29491
90142
40319
87498
54427
26297
2673
84282
82159
76258
67436
42388
2867
88742
15481
22644
26476
18291
20387
53351
42703
27171
57418
95544
7462
49398
26431
5374
2152
84004
32843
76868
38141
84629
59299
42078
32458
43513
91470
80503
11414
4388
90183
14582
45369
43281
37638
16754
54978
22645
6855
19074
79503
72355
95390
2319
32724
44775
80036
5028
99865
97298
82130
98154
43414
90567
4246
18237
29442
73402
90186
82963
26821
39883
41937
38314
36988
42835
50174
64180
11760
9677
50396
79507
77148
13768
97365
65786
89239
56980
9354
87682
63477
86441
80638
14116
22258
92028
71167
54802
39034
19400
87311
81576
32458
23892
92253
39619
30418
57076
65331
89889
94601
15855
93267
90187
46902
2623
21005
29646
93201
38460
28998
72462
64048
2503
19485
40379
59245
27820
16056
44959
71667
95372
25146
92359
22366
68820
47048
53256
21514
57746
35367
32162
91649
19464
93081
47622
93173
90450
67214
19635
71023
41520
61600
573
90402
14849
17527
29955
4406
51874
80373
2597
41020
20371
18221
99228
90709
908
67821
78081
55575
67749
8131
35455
3093
96835
80813
44583
9421
71863
47205
68795
60606
96421
73936
30146
33772
24572
1956
7517
51292
17093
48849
69640
77372
32769
91142
71277
1243
93853
56912
92265
22628
89132
64060
3274
33389
26144
97480
93567
34035
72944
20533
32543
4668
11578
41990
44599
46435
88074
65456
66136
98951
60304
26789
38481
18899
38491
58083
70323
5692
9535
43340
15568
14950
54939
46166
71474
32361
70662
96757
7628
27092
