73481
78348
96560
16306
64971
65793
90779
46543
24841
13169
28396
90775
93313
62323
62343
25578
84375
94897
68060
27156
87875
24500
29603
4964
17592
49729
65411
70515
12238
75773
91316
57828
39044
90562
86823
48440
41921
2592
73519
92289
79544
59148
84693
30171
87171
24174
61625
83842
9131
6782
86287
1859
39567
99936
20513
48980
48744
91595
98714
15242
381
20263
34305
49068
21852
70568
51731
2751
75500
13902
83656
81782
21378
75771
47611
28726
39806
99432
17792
93417
88103
81568
61384
5455
89486
89456
18261
39107
70049
37842
99695
50325
3878
58276
91908
59281
24842
35625
8318
16603
72442
58874
8342
95229
23125
4504
80481
63795
52324
91786
9174
49312
73803
5296
27139
18812
58878
28850
59582
32395
52307
12624
32702
37657
14206
33331
77904
63101
83862
88330
3884
4181
91113
1188
20974
29228
73226
66155
82329
84981
8975
54465
86783
78262
28667
50383
76521
98581
31137
73095
402
95992
76042
75923
64295
59818
26172
70684
81022
89794
26600
17379
79933
63994
87902
4993
58198
72614
84321
97911
45586
92723
46521
74600
23420
