15993
67166
26503
80054
8719
79346
42720
48434
28125
52757
15030
26914
5330
74633
10554
81460
27875
44026
15364
5095
2509
35042
28911
89561
23494
34581
5291
6158
57771
52563
94043
73409
52309
94277
65041
75338
47073
25287
65421
69151
63774
59990
52053
22464
87038
74085
44781
1518
14867
57922
22496
96110
86230
48715
34224
80951
38254
36941
56560
74138
74055
36562
90663
75562
58714
41620
74605
11053
9592
35216
34387
2587
78605
46213
41321
42518
82988
6446
2522
49408
89799
3772
91290
99848
30067
97932
87179
3594
60052
84090
37083
10132
68727
91283
95096
27211
69327
76491
63750
45418
99480
33727
91926
79650
23534
19908
17505
40017
7394
91705
97962
31807
34418
7151
84338
70282
45271
90814
45495
60781
54441
71010
51001
25501
98132
24255
33860
87322
51116
14109
73190
6496
42696
57104
49927
56071
11845
11640
76313
10158
80426
47162
96200
68346
86127
5276
75713
61575
6945
24813
81939
78513
30996
2968
90977
28469
82726
66424
81517
99279
86047
30183
88900
93284
18514
91466
89111
77313
57223
28266
58437
33631
14500
35336
80355
7278
74810
82654
39374
92856
48541
72284
80377
26303
32169
94677
75500
39727
66127
21458
73345
45420
30122
77034
24110
50243
58262
2915
49832
94661
16165
98400
4352
78678
66376
48308
64013
95659
22613
83698
53659
71
27050
88661
50737
13763
49806
62596
61114
23837
15965
49383
11185
35765
54920
13016
3509
37466
11225
30112
49016
71894
32822
44712
76691
50141
67932
1698
59927
83861
30664
79840
17113
82429
67799
73273
18370
41460
26296
10347
436
95665
41800
25994
78695
66781
87214
68587
23757
53360
44798
26547
84433
92501
34682
81764
67249
82337
11970
596
45830
48108
2668
77253
93173
36124
32270
28756
67966
81647
94645
62049
11169
878
29675
53350
30094
6827
66017
9909
62926
99345
77940
6567
39062
4116
95407
24612
47747
86035
6024
36032
29490
25699
64516
52328
92997
64547
32821
42571
34510
58457
621
42110
58714
82749
15377
83555
62826
81331
51670
60422
16320
2060
37669
46485
70167
96101
38190
89056
40717
7657
81009
81930
75622
58612
32558
85469
36361
77346
60353
65546
74005
23445
75398
4468
98724
35829
47852
56313
88739
11851
61786
66415
34364
45602
19712
27429
88030
18031
82161
96895
26356
43765
1854
26853
77448
18690
66488
101
50190
29908
47194
85479
20978
86123
86416
92875
26661
33201
47760
34338
48248
81877
317
28865
45871
14593
47566
30020
38900
5129
97439
18329
95185
63457
39190
30240
21591
48545
27020
80034
69341
47751
6122
58830
64657
76307
45437
48241
59185
26837
768
54828
70270
47822
48646
44479
43448
72988
80981
62854
71124
36467
61200
45061
32468
28864
90293
57520
