56176
71283
78115
6181
67726
64996
497
75754
41486
64207
69564
69156
99324
70835
12063
4360
42610
48059
47362
14811
94710
86791
48603
67564
64165
8910
32873
86550
61061
26361
35793
86013
87916
1308
3009
55553
22652
48647
2543
82825
48148
68725
1962
8780
11417
93697
71799
65632
49136
40700
89858
80804
42930
42708
52222
69384
22680
10551
42015
58816
32123
13947
14693
15124
28414
83551
81240
98016
67826
56510
81708
93962
45515
64536
66663
25984
84829
39822
56146
70467
37110
67241
37413
20360
36503
54988
43082
45207
49085
33624
32873
12101
6631
43727
50702
34201
54032
86837
80366
27866
12457
73783
97806
92626
58992
95895
35289
78394
76045
26238
84555
82857
54404
71548
21705
64881
76533
94332
78620
73425
40468
36032
48930
34201
23637
69606
87331
1788
13834
32462
71952
97991
59456
28280
58009
63327
69435
44787
61367
40608
19699
64688
69162
22847
49068
50015
57696
35083
22021
85821
57667
59699
8217
6940
87397
76425
24852
63604
68989
89385
8564
33500
64560
43583
54285
86563
23401
26124
13538
58378
95446
31746
32964
38012
53725
75780
66870
26083
85132
73622
11910
52247
79766
28012
74794
12252
89774
52515
40883
81584
38474
5830
75798
71981
32043
86198
128
25578
68561
62505
26613
31572
21544
63643
90375
25921
26734
70204
53214
11616
9555
98769
78471
95367
77475
56316
53734
36547
68789
42032
96789
70885
85240
31954
19903
89615
55947
60982
5968
67527
75652
41291
57521
22627
47008
80337
30703
16122
37637
48872
85518
19570
99301
29266
72029
39705
27359
80431
94506
75727
32464
63580
56789
26529
65715
55728
46331
89590
43739
759
69973
65751
64235
85687
35964
68263
41247
55843
48358
97137
25613
37611
98909
19916
56514
77218
71584
55974
59925
80198
62256
75516
66476
30241
35062
12071
84501
30992
56911
91280
34006
41112
72383
36878
78899
19766
55334
13613
93301
3765
98457
71515
32072
97369
50113
94852
64671
36873
70014
88497
84143
90357
29664
63541
38502
94457
99275
33994
50624
23892
83761
10255
98932
57078
63131
84500
65228
62031
41017
36748
21884
57970
62672
56159
81740
90741
43443
69107
80127
40210
47400
47628
60977
68414
7136
43648
11447
8841
98375
84441
20490
21339
62988
69409
20003
88202
72583
74994
34237
65613
29624
2639
95856
33266
66612
26172
27684
73505
81800
47761
51013
30168
53867
10414
76492
36133
49277
30517
49941
19482
73053
56386
63656
56575
16257
545
94982
93263
36156
93538
18158
68449
34869
14514
10585
44761
51772
27710
1802
80963
15963
37942
27041
50613
33428
90322
67471
52574
92916
83870
38924
42065
25052
14755
92559
73237
38982
39280
17009
66067
31190
34421
37348
88262
29603
82563
95298
39353
99828
31731
84361
21566
28714
68977
3518
35110
29345
13042
23147
25934
33073
42407
346
52286
54614
76092
43397
20114
21954
37347
5778
12491
10701
35735
49773
81542
594
38779
21010
50864
95024
28118
52745
61185
99509
17357
13350
56074
11236
57449
43892
25939
16133
91074
32993
88782
34075
85062
33647
53511
39166
75184
17399
62480
25952
71869
10865
92979
19204
21976
34516
90565
92032
72282
30910
4954
89662
39160
52777
37257
62741
87323
8877
64504
93455
79838
96357
19627
2741
60990
47466
15531
5131
67499
11697
19839
10719
90264
35233
27639
6492
20371
