27199
30967
34326
91551
88369
8644
88492
19490
25309
59912
67014
13365
22448
85767
3928
97208
20122
84272
30138
15689
99617
19132
79247
21235
41762
14252
70751
33988
1212
79819
18191
88236
93871
1045
72918
7272
69363
73644
68591
20119
93937
41230
79630
28877
57151
65744
21110
85996
45827
31809
44709
29336
43501
91875
23904
8067
51719
13090
49788
74116
37892
54504
18278
45489
41721
78777
19494
21403
12849
96655
27844
46477
15680
10018
21751
58387
39502
50370
64084
76018
93142
84755
88160
69402
35110
88854
44734
1995
77140
64851
55552
56273
23856
94475
82226
39432
22951
34140
87156
78373
46249
99706
73147
49172
3965
98231
13655
33483
70123
65516
68564
1349
49006
73769
80973
53137
66343
48876
10379
52866
34042
17499
44262
47998
41102
71571
22621
21205
27791
82319
35436
5362
63214
85711
29769
93436
11607
38988
65437
36878
75198
11251
31871
11624
96286
54203
7267
50086
13501
29088
73089
74074
23760
34289
44330
28750
55443
25148
8069
32393
75609
92450
5691
87804
30080
63202
38135
63294
44000
87537
41530
27355
83438
73501
77667
22791
85627
32638
51711
86899
64303
72535
7703
98702
9230
61361
81602
28924
41380
1018
37992
86458
30919
33043
61268
82748
5559
44066
81543
33084
16068
43972
6086
25964
87558
45733
90636
50258
56621
21539
43122
22804
73436
21169
68090
3074
84746
6989
78574
68719
81599
9210
21914
42981
49544
55071
96436
50395
12232
94919
17231
41560
51095
18627
70831
20331
66448
81738
11143
63496
70725
31343
72302
19841
57895
15188
13021
9749
64953
58193
98001
98570
65492
12823
51484
6857
22058
63104
76420
32487
49297
40240
38025
61702
4307
1562
71709
54809
50338
47759
36625
3007
95846
15078
97994
50256
36908
2072
85085
34355
42049
86687
85442
54039
96917
18661
76068
38271
67142
63973
98272
3344
5318
78656
14199
30484
93317
10600
15534
56333
43479
58212
59410
17194
21567
94994
2723
50414
14829
1227
69949
