78019
42064
90438
62609
54798
83986
64785
85646
25494
33437
87666
86364
49486
33281
97689
17190
878
67510
56939
26308
86537
28752
90876
83836
27277
68248
32471
1923
15937
25653
23442
65914
94024
78286
25324
63254
88217
51589
75685
9330
45814
29888
30838
10041
70546
73045
67707
88285
97304
85533
49535
47319
44288
43641
33448
49266
51187
6601
35332
86550
51515
62861
69708
99840
9995
21751
92340
71200
7957
34435
28972
49289
91824
47608
80493
56649
97913
80835
13290
54231
540
44185
4618
30403
76118
76122
21626
50383
44837
76058
12066
81616
16256
89134
57815
82953
60179
30997
46
48794
80704
96507
80328
62869
56561
246
55495
96680
63148
76798
51353
70352
93310
81101
86010
7329
58243
39305
23722
33872
125
41957
26362
31898
22368
47355
33032
2689
89793
97539
96470
66915
80788
64496
73526
4033
63856
41748
73842
75871
20627
24945
87235
68038
24705
41714
88305
35155
3124
50485
24709
20874
7275
66174
48668
38747
70145
48429
40501
9205
67214
52805
6887
65608
80328
84437
89564
28814
7574
81977
43473
16494
65463
47850
13244
75179
54721
58323
7193
80654
59050
97876
99564
39307
72830
75595
59640
14614
15827
34778
33888
15426
1247
64636
8657
67822
18058
21626
87710
40267
52149
59491
27581
21147
7012
8215
55411
59424
52929
73489
84026
11821
41235
59846
50155
69337
53240
67579
92778
4732
24796
74949
12986
72795
48089
28046
15246
826
39193
45422
57120
33094
70613
66926
28504
99558
70295
78417
32294
64614
20184
215
61684
42338
50752
22066
74190
41400
14480
39320
14581
50479
28848
82977
15470
77200
46504
54785
73058
78966
92968
54584
20231
7507
16368
50931
41208
74309
31342
50596
99041
74823
35284
28163
84547
24581
13265
70648
22043
