53855
73846
86345
99872
30841
6641
4246
87635
51455
51304
53053
15510
5358
53328
71645
65600
79984
54177
25969
99821
80857
99881
10058
63884
40278
39757
15194
685
98429
90889
63934
75856
32742
47035
25110
19122
68238
20358
76666
9727
46685
53573
22854
80038
97542
83531
69465
81955
56517
18947
44596
59087
44679
22221
45164
53974
63788
22461
59594
91083
91446
3561
89205
60565
87369
77197
82767
58322
28217
52523
97361
59625
77511
16241
53136
27284
77026
30019
66341
56746
70292
33238
44167
79481
46292
4847
31177
10520
1871
71136
55334
45777
60764
85582
18281
43123
64367
62288
92668
20345
763
11142
53738
3994
21586
84971
81576
28437
69085
17880
76947
33768
56120
2847
20791
58207
59393
9723
14273
82522
46020
72247
56451
57081
97188
51584
98861
91928
97960
10012
62917
14738
37350
45995
55983
59149
79500
40172
57895
61321
23270
2739
41434
83991
94188
21566
89656
57916
64791
60074
83730
54643
48014
10146
74324
28516
54691
96657
6805
70001
86109
89647
30477
59073
54962
62209
96417
10124
46864
61641
78706
19221
51828
52952
59251
43280
30812
72460
62892
75622
61927
40945
27137
37886
26282
8273
66723
27204
71671
27466
4458
82843
33366
87893
75211
33623
72262
82361
29028
31979
25148
79531
11051
3149
81367
64508
2815
95062
50894
31043
97703
82230
33764
31183
8074
45164
62509
92590
32791
46689
95485
69212
38453
19397
57182
95863
85854
63934
77740
25628
71018
48451
43432
30913
50473
82395
29893
23987
56518
61773
5458
71660
76309
40627
29763
22227
49078
2183
79819
30047
71113
79671
49570
82338
36493
55936
41078
91653
45967
85504
78654
38881
17322
25266
60025
49251
38798
2851
80709
25678
15270
38522
36072
71017
41231
23824
92903
97826
89633
34954
46784
83670
84114
47693
54514
91346
98881
61093
94419
94537
41317
38239
78020
71013
83118
66577
54338
51042
80602
80512
83429
46227
21474
54141
14776
32591
43599
78552
41107
12668
63033
43252
2020
11012
38720
94984
54766
69628
70752
68678
50369
77705
8432
86172
84360
77031
60501
65058
87899
74654
69485
41860
17224
9121
