556
62196
29973
32916
21923
47747
20329
19985
81750
31504
98065
36219
67008
32293
88134
11810
84709
80290
11923
30142
5724
37795
35302
69780
37745
72089
78541
90653
66453
43182
21172
26027
92898
59486
38163
32788
24792
36711
48828
20931
30040
57719
26681
54667
86295
40811
93493
32764
99764
62843
84776
61569
5300
78978
45801
62761
26894
60192
95171
49834
69206
29676
53532
38567
10331
72037
43320
7521
94129
55345
87018
47997
31462
90992
102
48004
11113
80634
83485
96933
78595
45776
90888
3610
58406
59602
20726
13920
13685
75402
5894
64599
41540
98994
51724
364
4186
88114
44336
14257
97491
85972
38635
44419
75825
36778
30107
14308
78875
97796
51647
46259
76707
98238
71238
23430
38788
49922
80160
50728
51310
29400
93835
18726
49451
22418
6457
32467
39267
99738
43818
22999
36298
69227
99442
92623
7140
46469
27784
21628
29495
6418
35044
15889
23754
59634
87892
43301
27756
28294
61575
54264
7953
93607
62946
68090
92137
19908
94967
53407
30320
97640
75041
79137
53977
28648
9961
7479
98795
78615
16289
92319
22137
58531
21233
44892
94355
77945
94971
89817
34525
63155
4711
10972
38162
89553
15045
42690
6281
31351
485
87232
51501
74377
91308
31855
31377
55907
61911
95106
49672
80412
44506
49141
12005
69256
32126
49422
72373
18054
73735
14191
24936
5150
18881
67164
92928
64068
40974
64424
13602
67271
1198
67444
78129
29057
40817
47759
67223
89378
13515
38448
16033
99865
40144
54113
18649
55570
98967
68906
57427
65623
70316
88227
57616
86294
62295
46351
55496
24143
38926
67308
14932
97487
81503
82401
79214
77061
71011
82947
28439
84366
82198
82995
4538
35286
98157
25071
65005
64767
48514
37358
65100
72068
6997
47979
96954
12971
9828
91834
66761
94465
92263
43079
50451
46206
23516
18546
18361
57743
74899
41587
84558
16020
40466
73060
83424
87321
83688
22329
88136
37223
81346
90729
75628
1567
2207
42863
90490
33524
85446
66242
67233
79177
16185
33973
92103
39119
32543
58332
11770
79611
6709
7262
89868
6927
52800
49080
31601
33937
64554
9633
29282
87498
3698
29538
13119
1534
67450
48884
43998
80652
28055
84837
72296
8656
74354
5381
99834
6493
80956
44305
54777
25356
10558
8525
30514
74083
860
68701
48767
53127
11261
56553
68969
75813
36959
79734
75478
86647
20853
90569
71668
83659
14333
31118
51555
21872
34966
81211
32572
47419
49246
25107
52980
20249
54855
3926
76940
95173
99023
39035
673
98748
116
90871
69390
71502
15868
96482
71696
94619
29902
13186
85640
90386
72636
71118
11023
79440
56969
8641
39117
19649
36129
1348
3880
86153
3572
48719
20958
33033
2794
80305
87623
81817
89896
72919
83542
23461
61727
80053
6004
38483
9514
37953
17517
36059
39467
62593
47612
83737
92903
97500
38203
90382
99917
81023
62619
98768
86990
83236
67929
67148
75524
38663
91825
49596
25562
3822
490
99717
87575
87561
17712
76916
2637
634
10134
98176
83830
67820
46686
40979
1107
37220
40129
5293
42101
97241
81900
8872
10299
84773
36470
78490
12123
38856
62958
70851
46127
67920
10496
35645
62103
47895
96162
5341
79787
61287
87744
99283
70889
64443
14938
19169
36550
26950
66040
38304
98533
86531
7494
28321
21922
91617
89417
2801
51091
39221
64792
63781
37675
39282
52048
15909
57323
11040
78875
53211
41058
34788
25506
80814
9496
82616
37983
45856
69835
17300
41940
85172
72815
24654
72318
59595
60426
82175
13723
70485
58478
93360
54250
40566
96494
23963
61607
31606
12395
99028
61846
25510
48074
