97245
63745
61025
26679
18824
39305
53634
43561
32965
33790
97281
79619
90966
13020
66964
92452
55483
75148
97317
8389
94733
47697
80537
84939
84319
85533
21008
6376
33460
70807
55454
16429
37098
59985
27409
8573
98570
33746
63350
74417
16851
14917
60395
20459
43284
16874
32997
48587
64642
19942
43544
86697
28193
39684
18095
49548
83207
76085
42360
33291
18296
47257
10100
62157
78336
80851
42521
30980
85611
58391
93882
21736
11797
22899
91538
79816
87302
60077
41655
67445
52535
72421
41734
13518
27262
68756
88236
97413
41890
77860
25365
22484
91386
30059
56121
69593
4817
98237
42123
62432
74352
2017
62976
6250
26060
21808
74900
5293
48146
38279
62245
23129
34430
74914
80756
45875
5523
96581
34895
9579
92615
45108
89089
7750
33025
71398
30350
81738
66778
21944
74999
89065
17954
79222
93092
50518
9445
35483
87458
5454
93856
82942
49266
3611
15615
2235
88054
16471
49303
10245
64070
8235
63342
32544
69817
29243
12927
55225
73224
54661
91457
93162
38515
26201
63280
73180
5175
55207
81821
30237
36430
70039
9123
29440
15722
9672
95842
85478
92135
30789
83343
13878
32434
56532
57874
66763
25723
85409
9405
63848
37591
54219
62258
32796
13996
694
44427
23065
40330
42434
97060
32847
34649
19065
73815
94030
99111
33901
16821
60145
33401
27448
63090
42434
71318
