60727
81983
68326
96516
47457
19766
45801
17973
92645
82211
7781
76327
15444
15028
65245
72776
45147
49700
33729
50496
79228
13369
82717
63844
67651
91821
68587
49260
30446
10142
91128
19823
61477
36417
39966
62443
54738
43814
94977
77294
87045
16676
26419
91604
86249
22784
18457
1793
94900
60624
82300
13390
8705
20822
98350
47358
99265
4482
28864
55635
51178
96541
87526
82503
91082
87957
14849
79026
75061
2801
18038
1333
54722
56435
63450
62552
86949
91113
77595
44867
73364
66794
54360
69822
27842
77738
11118
40655
38066
92608
63178
50255
14949
39341
26115
90504
29150
43916
521
98292
7935
39430
26731
92098
42586
80967
58667
52269
57371
35798
60408
8152
26887
83997
82271
84384
42181
17704
54660
13344
76838
74193
40960
82452
39623
67782
86383
15381
30319
72946
33401
43032
90591
79303
36931
33933
40062
62261
27235
46875
19070
58848
83284
2267
32200
55025
23368
30952
57070
41731
48323
11446
89255
87177
21453
33742
98469
44279
52475
74803
94583
43285
21949
84425
2397
17376
17560
47583
47066
48337
44322
79919
90468
7785
94273
17989
90909
38692
50252
84597
44413
55430
58311
88588
24623
21955
53776
3413
57849
3188
35464
95783
9785
52432
52291
75784
36898
98858
99870
14824
37465
75785
83886
8732
97408
68403
20977
81470
92904
3464
42833
59776
94026
67878
30390
39152
84974
33361
59802
80441
63599
14146
89734
43877
12873
48539
70133
38036
55494
18488
81090
92050
38822
35428
47132
68628
71544
49578
91179
56219
977
72306
10509
54385
60355
75687
1756
41907
22042
13138
90810
3537
39056
19428
51224
23318
86050
40009
95859
48869
98269
82941
25975
74416
22373
50782
20954
58598
20745
61761
67608
35395
42181
3582
79464
91293
3637
35348
83521
37185
46782
28226
15994
42356
27677
77552
52993
19393
84203
23814
82577
31535
53719
42310
57950
18035
46330
36092
32011
9573
54732
43157
21161
60280
45530
55414
61356
35474
39964
59931
19680
50701
56487
58673
2086
70042
66947
83619
46738
44820
97788
1560
74395
96931
79183
36072
81676
99871
45631
61428
44962
67544
3337
73948
82452
3625
7064
55713
96826
72263
16196
17519
79429
24271
4133
31875
75048
95045
40223
87907
51088
62710
89354
87191
11784
53172
68761
24229
81096
9457
73737
61485
89842
78535
14969
52136
47364
82539
76220
98461
62978
11233
86793
74475
28624
80269
22130
50124
92798
47308
61024
86630
59647
57723
10340
82251
78190
16145
62164
29280
34863
82834
74617
87368
98525
54710
27676
894
9302
51996
84510
92508
18825
41762
24929
39854
75917
14878
58567
31515
31042
18637
31431
33788
48432
87107
1837
32118
68194
32717
73945
31218
20374
46940
63597
80143
36616
99424
75950
73913
52592
21235
40821
40801
62797
68515
67805
17885
32794
70485
6334
63311
57578
30649
98238
16225
51403
40829
38935
11418
52873
95558
32700
76584
78050
53292
72134
71885
78164
44785
3238
76492
38928
84653
78922
9806
77815
90629
70990
79917
19301
83951
99324
97708
26383
10633
73640
89725
48701
47371
28739
95787
60489
64531
21040
57033
88535
64237
62751
9505
96381
95919
39721
88008
67247
29842
24383
72924
51726
88431
38410
60774
69838
59018
92116
68921
96234
34991
50201
67416
79651
82408
23183
30793
16045
7451
16003
74396
63613
21889
21271
13578
27877
61485
83535
23382
44230
11315
30461
96541
86250
715
37999
60270
8961
67965
25949
1470
72415
52118
60799
53544
14036
95334
29853
13973
72736
8928
71962
59796
13838
49987
9311
29837
67160
24831
32896
8352
75482
68734
24690
84919
4529
53659
81166
78936
44408
62913
21831
48080
81502
14532
1980
11494
61089
67727
99542
32543
31632
69562
50645
35302
39352
70665
82702
36263
91404
8162
93109
84129
35068
17596
25987
3681
27428
75880
49014
60376
14167
50917
69564
9822
87096
23882
78293
99305
48006
97816
68747
99433
25289
353
76720
5920
18088
89388
45566
33864
70957
44903
87532
36246
69803
37702
13012
63905
88545
98299
84066
85208
18712
39165
18375
80714
99998
40822
48206
15469
92371
83396
88256
93587
39414
93676
58840
34715
40876
20067
85592
38040
30313
15149
89418
69264
63384
33317
40019
49394
10870
14388
10760
49706
13749
83538
80720
86123
81977
96005
5921
77265
41181
30097
41492
87560
56646
93944
96832
76126
78861
78296
23029
68478
12707
46026
54895
3562
49746
49111
17329
66680
803
98811
4599
77983
72636
38549
79837
55875
12956
72716
52738
44870
14145
8326
96858
216
73657
1858
12617
69440
36485
63892
70532
32573
91358
42281
36999
67723
28643
77157
36376
32865
78675
39241
76462
42370
25497
63509
14924
18096
14106
40956
63170
6145
25558
78159
54333
4380
49168
54678
29905
47888
36493
47889
30195
36910
28279
72026
86624
30355
1550
12114
27231
35798
36339
19872
66194
74903
31864
54488
74719
10147
86934
94520
55333
95528
722
64387
7014
13199
87948
32618
18555
73965
47251
88487
96372
30786
9045
39552
14090
53470
76885
84569
16546
1992
13725
27371
69805
5686
11964
79429
72516
94680
79959
19757
60954
41973
