94052
4751
49721
66756
37284
81710
62540
41938
54278
5928
32325
46257
86822
97938
2425
82999
18712
44284
44224
22443
1100
27626
58518
93276
25137
64481
79306
80299
68729
3112
26105
87783
19303
3963
13068
52055
24658
74872
2582
25082
79188
60600
47743
49512
47393
44640
88779
59914
48171
45187
45924
52138
75656
54424
60083
66425
46233
56444
41618
72803
2403
82241
73208
51165
79822
44541
26954
82859
84869
50369
58341
43839
41702
19142
43254
40500
79882
9005
45883
80497
75701
19391
32127
23542
57188
73967
12127
64879
43879
46643
5822
68214
33253
29778
22678
96947
87391
96578
69689
2851
17686
5920
75044
97802
86846
2084
10436
56513
11169
19583
86543
37227
10561
61121
97101
83012
50113
49666
93977
5855
32413
62074
38979
38226
44547
90126
10586
11923
96464
46307
53108
83303
39316
43032
62811
69781
44347
34325
36695
55104
63530
55614
53710
24296
60099
68594
57653
72132
32677
39666
46833
37724
2601
63834
70437
55611
66940
36817
53255
96719
91498
98513
60048
64862
66474
3239
97911
67528
98310
27319
38664
15788
12971
38873
42324
76799
8364
14683
78127
75952
32473
38453
79245
56798
99473
15383
80702
75481
72594
7199
2841
7529
81070
39976
63605
65017
95566
88847
57821
56859
70683
90124
73821
5357
1001
31045
24753
63728
21510
93638
47247
52257
58690
77302
64245
53044
19267
3249
65388
51091
22536
22430
94934
91111
24478
31134
34717
72995
75267
77307
81232
19516
56862
21267
5269
42349
64632
73888
55797
68428
90630
16974
53970
78956
59952
50584
48839
3767
75730
10561
45749
92317
23459
6729
34322
48252
95189
82710
80879
69866
96327
51758
88460
44203
12405
27730
95394
37422
72033
21895
88412
45379
47451
96960
60461
5562
68459
15978
31158
73894
82295
30950
97264
64705
31557
88915
96057
50132
86945
57016
47159
81921
93008
85931
72100
38871
28513
9767
66550
32221
55189
11417
31734
53834
22149
370
44865
26498
46268
28760
79792
79211
51551
6985
87571
65377
54493
23755
12645
23489
31673
45262
50477
15016
74736
6490
52370
61520
24860
21589
77048
58691
49427
98937
18704
70878
99216
43430
42556
31187
44049
69558
3863
58184
77223
67947
30370
86023
98359
6722
84378
4758
97122
43060
548
9926
60939
16717
79098
15659
47999
83345
1638
24679
51712
21101
29784
52614
88280
16692
66161
11063
81199
81458
79439
62114
41399
92292
37793
6788
76119
66347
63160
18138
37211
72289
61569
6366
98388
8778
9938
82498
64332
26896
83187
60704
67920
79184
6472
56122
38163
77755
97743
81666
40560
73314
23559
15663
63621
38433
68527
68646
78923
72309
39539
81652
20184
83499
87468
79422
59531
23418
54226
79502
6754
83663
46731
54302
98270
18734
94194
62215
85820
81670
68624
98363
68603
81493
77578
63896
48730
45906
42745
59954
40250
41292
3574
92022
87356
1535
40520
84420
91716
27049
96591
14745
23529
18240
74912
56897
26583
69256
17393
44886
44239
6312
82825
97253
3685
41176
13048
38690
5921
23571
30692
13625
80672
94271
39251
65462
80088
54709
66945
96735
78214
9773
70498
58770
85078
53879
74833
50362
6581
20680
37312
79473
28512
97858
15714
33938
58466
6321
88336
46180
88486
1830
78498
68144
96357
82966
34072
29258
78989
9450
76809
71874
2310
20658
66672
34466
35813
24055
12174
49805
66342
62685
32109
85240
86259
51218
85112
82814
78556
5313
6996
73766
66372
20765
8248
76383
31274
2354
62413
2112
19807
45575
71373
97130
43871
65438
77162
7854
31186
81248
98124
34411
94146
38531
79838
25801
69721
93257
81885
45138
97854
51258
50701
73676
2454
3042
5502
81545
12410
90288
3191
33459
61641
10062
29998
20766
91312
34978
41369
20820
74055
77257
51627
97307
7188
72585
79619
27840
40926
82446
6662
38016
20469
17274
4258
68549
94873
97697
94676
40829
59936
95617
95444
40898
78057
64665
72769
84084
8533
59071
34489
34743
51888
61064
71082
20596
99630
53393
66488
29869
23422
77661
40618
29963
83625
65174
12990
44367
5803
61449
25892
93615
40301
540
60884
78438
81813
10729
19250
42522
99815
95534
19307
81855
47957
71919
