51609
86298
41708
75189
34374
26244
77152
51595
51033
61938
10055
9519
12124
89705
37455
95052
82574
56999
8590
33887
56204
23292
38753
60691
25244
13036
55379
21623
55664
28393
46767
87782
837
15181
78643
94810
4226
60631
1589
16773
74416
87608
32761
21806
10888
73130
79610
75125
61655
43476
22412
29042
75353
3722
29369
28317
47545
81017
49945
21337
70864
55528
95930
22639
15170
22273
8682
96942
11062
42645
90825
21943
55410
91816
59470
68595
90531
16946
49802
52113
33425
80253
59968
12188
5981
17725
12428
97114
85812
50326
47265
23209
10685
80251
45909
18887
91678
10122
6635
88615
64448
82668
64063
19010
52650
469
73632
83537
44251
60774
37785
30598
31214
97832
87911
90610
95560
83742
16657
97445
9844
11567
11130
60736
95380
67616
11257
75158
45907
40583
76916
80408
10311
61187
87664
50757
16190
40957
59537
5512
44093
28891
52863
25037
12540
16666
91994
12852
92339
55298
23327
7936
93464
9189
78770
52881
71537
3326
23630
85034
89211
98473
37629
3668
83857
57376
20286
70026
10167
37154
74420
54602
24204
11145
53352
80953
58703
86092
48195
78713
75622
98405
82818
90609
17255
68980
86944
1122
82416
34783
79219
12863
17327
74503
16301
45619
91261
49195
41180
55163
96379
21967
2684
55185
80878
68724
83731
82319
55836
97817
94177
85445
55131
44917
9412
90805
15654
47020
86412
14876
70432
19164
87610
75384
57934
61556
37275
49701
94843
7733
89691
9508
44912
93031
82333
53654
95720
27633
9731
48531
85249
4624
45285
84599
40605
93774
57732
72410
65091
25495
29964
44240
62782
26303
84730
77215
34357
27299
97251
19321
31448
34029
87475
48103
8125
84669
40532
62099
62583
55757
95085
88021
37289
37880
29627
65807
73879
3011
34779
64160
3823
64865
84610
69348
77768
45450
46725
18609
8301
5118
19296
68420
30382
90409
17083
51220
17149
97181
76473
55936
53241
95633
9826
9333
30410
41942
6951
24902
96675
18923
3335
31346
92520
33091
15497
66582
49419
18127
70335
62675
37943
21923
53798
57464
36460
26664
57639
46880
20797
78406
48658
76697
26537
78843
10918
8190
55039
75276
38938
35825
38499
21823
21933
89377
1783
87950
75900
97290
74911
50500
1801
99022
26846
13798
17992
31318
41834
52362
72872
3745
84303
60070
4105
18268
70264
26637
4808
13676
22172
7306
11543
74142
79188
34509
24175
16120
99989
64420
55681
48510
50763
60348
71969
70296
76605
49636
49851
12739
60850
79600
66356
2676
2404
35192
51522
78428
17718
3664
19113
75145
83141
62224
75118
67604
38957
27659
19833
92337
89622
1872
31328
77414
96680
24362
52982
23954
88101
33808
41663
20627
76786
92068
52825
42572
40950
8866
71738
43996
82986
45747
98401
96325
45306
80536
65368
88539
85230
4364
31339
48946
29803
57514
23117
58978
48271
88941
5995
78041
82210
27568
90326
83909
62001
98485
98358
91072
9398
32545
26653
30090
55921
75837
9350
43874
3470
35003
32107
16144
58993
64442
38723
83737
2469
92716
90824
19272
68951
93847
94300
52008
2870
93696
61785
55417
55420
14492
34324
46821
82177
74295
79141
52684
77710
1248
93025
53965
48163
79242
55507
13268
56834
89851
19048
17767
88844
6589
81440
69284
7660
79086
22121
15551
38245
74644
27220
62225
14051
53932
88453
88978
679
85286
33967
84697
85301
86039
6026
1221
99691
36859
71108
89708
38339
81031
95174
13019
74647
44017
66573
48831
33051
65039
39160
3090
52173
63589
14439
3066
74027
30800
39913
94230
90789
66529
12589
71548
55883
34350
32466
2805
563
80218
69592
70801
7977
32413
77212
57213
79470
14200
87577
70034
87359
39622
55926
35639
46125
30877
32524
21711
71599
2960
27193
68891
96945
76878
98919
71809
68442
23625
57136
40297
11551
63767
48268
52832
95447
68359
95112
19760
86377
57226
23595
59827
43222
69879
6870
51166
10602
76950
25423
25005
1826
10754
31205
97603
53025
701
73856
31099
33494
5402
88770
55844
57064
47280
58483
23591
91354
3093
40191
77765
35765
12763
35334
14373
79364
67365
25668
27065
70007
47752
61207
91492
98202
32130
38470
796
32561
50665
99807
94746
94503
64012
86265
80975
68455
67751
2763
95942
11396
83278
59812
7508
36758
47657
89240
89062
75420
16832
18238
85659
75032
46790
61092
85741
44194
97278
57641
24933
8809
57686
91030
40689
3286
45445
83262
71752
26498
54358
45918
11613
64602
29725
15669
86728
87940
53698
54734
50545
42889
49407
25376
15729
32426
14148
19713
47712
2920
523
36780
71177
10109
77830
87132
53710
92248
19123
4222
91312
64394
17488
62564
21061
70914
6625
21056
45307
31121
74363
97801
90496
42544
7095
82043
59401
32309
75300
8262
89138
25732
35549
68831
25974
17578
74741
1503
86772
42592
61959
94479
68817
49476
63421
86151
25401
86843
4315
44815
25801
93091
74406
16591
28556
2722
46284
28632
3013
95786
27731
21400
16948
10860
15083
65580
28844
48656
36590
3482
96173
5121
34284
2714
69161
79883
28984
41019
79122
20944
56641
72558
27993
30485
82461
96046
51325
18958
40274
23252
71294
46108
98490
90985
14861
40558
77531
57956
34392
97841
57307
76744
50253
833
48642
20679
58807
71692
47429
48673
73738
5264
49509
82069
39144
55172
93406
86463
28399
19036
14254
9886
8381
13337
32188
50064
6631
43298
87852
28603
2352
71027
6627
81281
63637
79897
22305
27160
81842
61781
37239
79633
71528
91601
49513
66029
96598
16420
51841
59688
47151
91068
29557
15355
83587
47421
68362
36915
68644
98577
14048
