83839
18826
46320
2711
98637
68228
18432
59247
32867
66245
4620
66618
81797
34620
38357
16780
63824
66158
53465
90210
91456
28163
81451
11284
41470
91271
97694
16215
11534
85389
58515
83265
47732
21731
95794
52701
45281
46802
67392
28370
97988
92593
26821
80906
86447
62938
33558
48966
9063
51582
73091
2486
45111
23838
24051
55675
37375
35035
61240
7365
70533
2216
47713
47478
7729
21354
18885
60065
38826
85656
71498
17021
98765
25095
92222
98863
1342
545
24836
78531
57712
48727
7152
59951
12298
56029
38153
23894
97679
40118
15325
10245
85561
60026
57837
95771
44880
79343
73176
65093
44052
73492
10140
23406
80083
56069
3721
20016
31615
25188
54332
36830
10199
82709
49652
21805
95063
87761
35179
51700
83201
94991
62386
98707
70330
61253
31460
38738
67258
96450
53982
21999
27368
59743
34478
84220
38587
83745
79867
56229
52308
18137
92278
72490
85786
78495
46
2852
10373
36031
707
57118
44163
21475
81891
49061
11106
11433
53076
18830
24609
64982
52758
35165
71206
32333
9461
50455
48230
65432
83218
11318
7894
78950
99392
65063
2712
89895
12921
91834
61206
28608
28365
31226
95742
96863
77836
5893
77851
85416
73113
27153
30669
61036
31619
87325
65378
57112
1284
53452
69033
49590
54621
44940
52812
89389
49224
65212
22082
16828
46349
21210
98512
61241
57623
96001
36617
21531
39423
74342
54497
3568
72603
62814
92319
56064
80649
46857
47330
12067
99685
45599
88610
59468
22801
11615
73986
83424
78414
