47639
12623
83810
61023
39067
51902
28641
69427
3412
35618
50708
43847
17689
26942
98955
65465
76987
91807
52621
96748
8740
2366
17882
10015
17142
749
32600
39044
38440
46008
22014
53193
43117
33070
26702
41874
19757
11580
23746
40416
27423
11221
43445
11711
61358
55837
27910
61668
60512
57335
34628
82179
30802
81665
97612
45272
94740
73794
43880
38318
19302
89597
30987
57404
13604
97515
729
84618
239
57081
45707
65406
68060
12205
69325
97518
58921
6170
48657
61305
72839
70931
78531
81104
11379
39834
22390
61451
35458
81429
47133
45963
67699
85427
21113
37825
80234
86040
98107
63843
55108
43291
61429
3431
11628
69222
14119
18596
12340
93
86351
88569
25137
82575
65479
48371
11066
49882
46025
73770
75124
39278
49160
18809
9947
99744
97706
82632
91092
31499
17284
72881
8063
84814
6197
29548
9501
75099
69475
42157
25714
3793
49110
35364
95078
58563
20825
85124
19948
72741
26759
30351
40015
24336
88718
15829
94130
