93483
11884
71515
31486
27504
80841
82809
13470
80506
40323
76378
35930
38869
35966
80406
3868
48055
71331
90167
13795
23730
51384
78918
12582
62684
18350
4740
86932
32865
83726
96095
90367
35417
66881
81616
57591
70642
94228
76288
68269
52555
81608
78057
80501
8745
84017
33872
90793
49944
36147
76281
17387
25661
80334
18889
42099
32965
58932
68802
9154
76101
95876
80604
96779
44227
86010
513
71988
54350
22815
33226
53826
95042
21898
61240
42122
73326
98416
3836
78666
84477
13946
36988
96718
7445
78708
64705
55082
47991
39516
24626
11709
25426
67133
92167
56679
1003
81277
36274
22734
83504
61883
36443
27129
2921
22454
22344
3763
19094
76767
68772
34548
55095
90136
24676
62154
58888
83885
89333
65519
21305
45430
23996
14833
98188
21516
28400
27908
29730
4561
41118
92049
62142
81101
95161
22594
77503
9859
93797
84991
56363
60942
35988
71224
70743
90077
56613
35289
42457
30013
97791
17118
91944
70755
1429
38074
37886
21609
28940
81404
94053
94436
74032
14533
35648
76723
72406
73994
94975
2082
84650
49029
90087
4342
9155
60362
9442
52772
44090
8111
64902
93111
85451
99717
6769
23999
105
91387
79671
57086
84707
55894
80918
12393
90938
61927
86910
21454
35575
94020
17671
82619
40314
40374
45362
48762
27030
87601
61600
41067
28632
85114
77519
20829
16501
942
8985
74315
7763
11649
76618
81018
94322
37888
17375
28756
68110
77694
13403
47227
73452
87987
17197
50069
90439
82283
52796
45076
54354
58007
96969
12503
29787
38604
28454
99593
78375
60089
95891
89996
52942
12594
13690
23926
17401
36652
88297
2425
22999
16606
80651
49336
74198
14372
67614
40645
67917
27449
30389
34218
48145
63908
19960
49755
14680
64115
51231
55717
9434
17782
50380
8021
81802
23407
94285
60857
74296
93270
32667
53787
93985
50370
22077
37748
77356
47632
38305
15415
70990
87809
31675
50926
29699
61673
41850
89033
92634
63935
9246
53286
85421
32580
92991
5217
66225
72630
67533
50790
20086
6756
66348
74646
94781
76602
40233
97774
41831
82211
72399
67047
25810
35816
84726
21625
86106
99454
78321
20129
81556
5251
68223
10361
84024
79381
68365
61404
57379
16859
71523
4725
80098
87514
95328
64233
21460
57028
56144
53097
21439
44076
47202
10422
91535
42198
27476
49604
47853
71366
19111
66770
94309
47404
69233
14835
38533
55987
90622
15400
8236
78828
40395
24971
10688
67673
86949
38295
40488
20493
164
29077
43309
25223
98689
37480
58048
57800
18825
41825
51904
18761
13551
86012
97748
4752
10416
32693
18280
80492
25700
65472
66406
40744
44860
42611
3680
22230
99734
23861
55249
89181
9116
27360
71201
90033
23460
69085
48714
31753
56786
80733
37161
48796
63495
89475
65277
54383
27223
5935
57257
54255
20015
59995
94793
34692
62671
2565
80363
56077
33800
35817
58066
94963
86576
62723
9644
86190
14811
7714
81291
41331
83979
86527
23705
44966
28310
17609
77248
55385
77334
49297
95007
93798
66604
994
69165
49120
32567
36509
27362
20895
88722
92637
97952
