22666
42197
62220
772
79830
79086
39571
19508
24644
15926
70276
33487
36289
49826
6381
45061
25316
24977
78743
84502
40810
64268
28359
85581
93557
60524
53622
78301
80352
60396
52608
91341
88574
2737
22299
86113
55388
76475
75554
98247
9725
75499
69154
50678
30717
35677
12830
82741
30128
82300
95579
63744
13893
13449
80158
58398
13838
76638
7215
19306
25464
61270
39155
64247
63317
78934
44913
33552
27526
20268
89673
48840
49423
80495
74777
65310
95113
77681
54864
57879
47693
70881
48173
98051
64817
88864
77448
75124
22578
63900
72274
78749
69260
56247
72783
48454
36344
4906
87360
51783
90764
79277
55215
9860
92627
46738
14320
33398
38672
14848
63285
36156
21774
49336
71612
54583
13097
41103
99430
74453
1486
69789
10974
63625
47993
10923
79580
93175
7711
26322
28966
90207
90320
3080
67114
68416
15665
38313
5424
18078
74543
44049
36452
7730
615
36118
56975
19923
84635
18200
35357
95240
5476
12907
50297
20975
68303
91589
61866
81704
67158
21144
25686
12349
85882
73077
45835
18694
82221
3196
38917
74783
35679
81351
99909
57436
33336
3244
63009
11875
53947
59656
8540
89511
90964
33725
84731
77413
52783
46139
112
24076
76446
23719
50920
53398
18362
24102
21847
27537
90282
38280
37702
81438
79283
60574
59560
24124
12998
92860
87638
65059
28579
49991
27756
7501
12604
36175
21385
52156
88346
68422
65911
36081
3083
14840
98337
11960
30430
46510
39074
9234
81396
35471
21593
15666
21953
27102
10227
30390
74165
60606
64415
59922
58501
35053
95496
26454
95962
43418
40794
82186
2717
69691
39191
21859
72369
1620
78354
64442
62236
47600
93693
66487
53786
78403
83663
93107
28398
12089
85548
85501
25948
90994
77991
27739
4007
5988
77580
68030
19343
71882
15997
87012
5716
56887
6517
11704
