73198
29588
35360
31852
54182
71315
55094
74125
12163
48706
93868
34241
934
84859
40213
92977
92895
87465
20609
44465
79502
15592
13339
48152
93358
54397
47716
97502
68300
11434
85476
82
81229
63913
80
52944
95548
99967
65597
53777
88316
69694
6753
19734
37762
31086
7736
11476
52705
79792
13519
65728
64651
74479
71251
57606
16248
87208
38494
99784
23599
57592
5824
729
63229
93786
53011
37021
84778
87269
97428
92928
21867
66831
56149
9808
8839
93605
10389
62272
46660
36240
44796
88508
97914
19748
35430
6750
92661
42474
36695
8340
61472
65813
30178
30723
63869
6023
56505
43975
78074
70715
26697
65435
82363
20591
43860
97820
18330
61443
48766
22643
76818
76222
53124
87358
12795
17316
2814
43480
58356
46261
44359
42304
50574
89087
31455
56054
36653
25425
45939
2815
37100
66413
84197
75945
9543
79361
6144
77322
75887
37610
88420
31218
93707
14052
31522
85250
12688
42819
17927
46552
3209
13024
85619
31813
26355
84393
14861
93276
89136
87806
61166
92904
15503
45951
85543
10404
92024
77178
77815
33434
11172
25492
67592
20745
57840
13141
48596
36522
57565
46205
43365
93833
7497
99386
99606
24075
80794
52384
49590
25149
64499
12868
88186
88081
76443
95515
15714
47756
28509
21118
93225
35510
65004
84493
35380
77717
45432
64874
73972
13213
35796
78339
35710
42931
44440
67333
85406
16117
46345
61467
29610
39640
27587
52665
68934
98303
37305
79511
44302
62325
97427
840
8013
36447
52979
7855
28829
23004
64005
21889
78643
15920
78412
36377
89353
86160
77157
45255
43640
9110
10108
99597
1411
67041
91507
53585
7922
12338
15558
37077
40411
65921
20572
11646
15786
34956
70326
99263
89951
36585
38504
62402
52111
24455
82824
13690
61227
91210
63312
82774
21146
92049
35870
35191
52216
97829
99428
40971
44939
99394
99932
16491
7446
26928
81477
12722
95348
66765
20590
54396
15834
77893
55303
7055
70606
47706
47485
76955
84217
77817
92357
16712
49025
32783
15930
48361
30050
85380
59430
17956
35527
29354
54324
90557
36653
22012
54955
25183
42977
70101
18342
94462
70619
8916
66939
43252
36746
28815
64585
4509
50344
22473
56754
67121
7036
83220
67465
74662
10997
33115
82671
9967
7334
2634
18868
86480
23569
64746
70401
48593
92750
22302
33977
14115
59475
97894
46092
40108
65843
72678
11615
1235
20794
54920
67612
13054
72600
87202
83521
53432
54547
80293
14185
9861
87429
8374
87127
67985
90048
80459
19682
71999
58413
15992
11758
28041
88495
42638
7645
9141
37128
27356
8818
38319
21500
81435
89173
52413
35021
5813
13879
36367
81225
16969
94046
12457
8117
24115
26685
51101
10767
78106
50060
85383
52995
39615
42822
4802
43162
39570
24559
29962
79557
74379
16304
27190
71474
75865
88361
5993
19200
34713
32963
84234
66580
83315
90774
41443
21945
99301
19924
64379
15952
56543
98374
59021
77296
23434
85323
81884
38613
84371
9251
95451
81253
83917
56810
6845
664
66856
40983
32252
35754
20692
31900
76053
45143
65825
18803
69680
48841
1378
82856
43861
19646
60180
14009
23013
76005
57283
49894
48039
90541
6477
67380
34829
25462
37512
2981
82662
26504
83929
40779
55089
58317
87671
28625
95260
24643
22321
13877
11470
4630
15643
33043
37234
1514
65390
75804
21073
69907
33797
30840
43380
16961
92943
41710
29276
53311
97070
50591
7631
62844
36141
43175
64911
60599
27766
85543
31974
31554
18749
98370
53684
43405
38424
43408
74898
73433
30145
33315
60071
61708
81907
