92707
53088
97398
38128
65374
45961
99348
41948
27572
71729
6246
48625
68489
72467
68131
76635
73748
79847
43829
89518
51157
35426
77156
99975
78537
49534
66812
55843
23165
63755
90519
45922
80937
23386
50467
11823
63200
89638
20168
86013
32206
76801
70797
81954
37159
89798
74919
2430
5302
53510
59566
80224
17879
92388
61597
57281
75931
97423
59590
15839
79148
43505
18782
63816
81210
60323
67688
45103
21999
56308
13434
84110
59678
57815
57312
74356
64628
95202
62815
88738
74615
64382
50541
69655
4189
10294
28043
88548
61789
93186
35891
65777
30048
4329
6865
88700
58018
6981
743
76835
22110
29815
80430
48993
40075
75456
20546
60063
35075
87240
92652
80729
34607
70851
41224
14766
92963
49127
59627
70915
32279
79139
83314
28813
20416
47657
54062
55349
50950
68611
16338
57647
94459
85979
66628
44799
83952
1547
29580
28732
89748
67980
53472
74548
534
55162
31169
59196
63104
92099
95736
8890
47353
29827
44555
42971
46501
51617
28577
92418
21394
65196
9113
66464
70901
35004
86270
48627
4223
96425
30813
91416
19547
30894
81167
64299
25666
8765
28278
65254
16487
94865
92244
58850
72874
7447
10293
64631
41424
23656
98297
32334
72969
37162
7338
24551
58866
87008
3647
65530
68891
82542
54973
66678
61285
4320
89343
16458
48660
80256
17304
37736
23338
63322
