47681
14693
62341
52083
95621
93331
87014
74397
97765
769
73641
89568
11057
52468
98299
16057
5829
7910
31007
10492
59172
45491
42202
41314
45932
45756
90214
96119
40150
96800
62687
57867
17431
92308
71921
11873
35863
81571
78055
9833
84760
89654
94136
75334
99205
44817
43030
66094
47478
25829
83940
14168
31172
61343
30955
2189
72490
21027
6151
49864
3116
90894
34247
964
38081
15773
72137
18749
80547
86426
80193
24257
29855
21173
25731
69518
51355
66868
42109
1115
2725
24120
48641
14321
12859
48519
26695
56087
61352
69731
39382
14836
75420
28190
6716
93865
55406
93171
37252
83431
72679
24281
85547
61052
45635
59683
84312
9999
35612
61437
50834
5622
78917
5035
47139
78996
42253
19926
88105
89562
89078
16050
57396
10815
47043
65356
48836
1665
14456
31865
14111
58183
29616
58677
28436
78444
38572
87588
68685
53176
64207
16696
20475
99914
18897
33760
35919
70385
81051
27719
51612
35480
5066
47689
94353
56629
66884
74731
14009
80278
10846
82647
95542
3746
47325
92650
76005
20240
76599
68695
40424
54664
51240
34929
25355
72382
95575
57481
91918
13282
29437
78451
20614
86736
80253
78631
53117
81926
64324
71806
11559
63840
73579
88406
42329
81559
21153
16728
52589
26246
57754
15679
93785
12355
87295
96948
84239
70136
22334
21971
61054
9402
82813
726
50841
32395
62032
8805
23493
68694
39533
94079
55916
4792
57135
76583
81084
62834
92599
43795
51228
78846
4892
65671
55527
13758
84665
8258
99440
83304
94391
82980
59592
42352
10752
2156
81027
72852
37565
9934
19526
12348
93235
83894
86713
63675
59763
88993
55220
10712
15863
21405
77536
78538
70742
82207
4510
17141
45199
37082
47729
53774
9364
40188
74303
56552
34487
13563
94039
54979
95555
8232
25268
82665
24268
38880
85611
20997
78958
91852
53995
95672
53038
88727
67441
72985
5443
81053
71609
28545
97646
63885
27653
482
62205
65752
2983
53046
9591
30160
29188
46199
94954
240
15157
7631
96137
94871
54270
31862
96596
83512
38183
53346
83087
52057
736
20636
72747
1318
51109
53433
41953
65494
57333
31670
80578
24785
20460
58516
35897
32564
11406
48798
62664
7795
717
52797
73570
59809
76848
10572
26783
39747
31948
14133
25702
74306
17395
10147
65015
82346
80299
8273
79050
75754
4246
29459
42907
83486
27052
71351
74411
95753
95965
64032
72105
89384
90682
75291
51339
47939
47066
12937
24470
40537
26650
2205
33545
43199
5968
6271
7390
10312
93500
53550
52265
3133
69747
86909
3549
71258
9889
90084
32756
5496
36161
31029
43781
67916
42028
36317
83623
42104
58808
17076
35280
67361
83803
38513
49104
2040
95913
99708
77518
20781
63961
64098
2253
42414
11767
68972
19637
3773
71741
80081
38049
56981
80180
18973
4376
95620
58424
65629
1170
69650
22647
65285
51503
76424
18270
84903
19330
31233
37805
1508
75344
10181
12565
11975
41535
72062
28776
1367
56148
73056
16680
79850
70362
78727
79027
78298
87180
64829
34137
53483
43616
30284
98537
7867
98133
98675
12594
25828
24144
26863
49641
88403
65968
70233
4736
27867
44416
68205
77438
32313
66844
57056
9480
28114
52970
42797
94923
72775
97396
39972
97722
54500
97096
84321
57892
45060
11644
4698
13842
42859
59467
2947
77223
29284
23414
28276
13882
129
73990
51159
33882
18975
87391
1823
86639
86559
20803
70422
54896
55335
3752
39819
28431
84172
29141
95141
91307
81646
12340
59676
16223
39718
54362
34578
72846
63896
79833
80196
4700
24694
28914
94793
98784
46237
6089
78746
67108
95272
97681
71333
24256
41221
49801
58506
39107
19648
74515
93051
143
28273
36969
32235
87788
14314
34936
94164
64613
52813
28977
22742
6725
40607
65722
30202
26421
8958
41034
82194
78082
50394
28032
96034
83965
41007
35419
75001
89916
95855
95470
53198
89381
86782
80052
76427
87724
96679
7005
84470
11301
11925
14133
14295
66295
74939
64607
83649
75498
19598
32085
30149
78614
92320
14968
49748
240
40934
48270
46781
78894
59934
4247
68757
57342
75779
33361
19942
60554
89295
42477
29741
1953
56563
70893
66156
36261
13737
29739
9025
76400
51770
99503
70318
63770
65321
74583
97060
71814
30304
76186
46789
48409
60223
5576
51366
7677
45375
56952
90516
41578
44664
23094
86203
77120
2343
28196
22050
21427
48811
13486
86502
11195
39244
70381
27124
60431
33929
4987
92021
1195
36300
48128
30250
13108
95688
81332
41729
50987
19526
58479
90886
56785
39223
67447
31735
28675
13299
93197
61426
37124
52533
75633
23002
16817
89683
35594
9164
89842
78452
90935
73748
40387
64930
89320
5277
96535
92844
73094
81432
21011
86466
71063
1900
90332
22599
29717
71972
71797
38645
98448
47131
40732
43561
54896
48661
60667
25126
13432
23424
60093
72168
51887
72534
28591
84730
50499
91854
49902
62169
35199
35830
40205
11764
40414
50658
81469
73732
32669
94217
59966
63621
37366
51196
80003
43804
33015
96826
10033
40659
44609
71409
79411
49669
21339
48842
34579
98528
73309
5601
72100
37863
22070
9628
3446
62618
6925
28968
3146
4238
67192
86935
92456
19214
63458
96471
34802
690
92531
84787
51714
53673
81820
9243
17559
63790
56418
90535
90425
91572
16078
82941
423
27067
22117
22102
41551
27738
47750
17385
36878
4047
93679
5795
73466
57674
78952
60197
86211
24867
14040
33889
5996
88522
53887
18427
56042
12826
92068
39656
6199
16390
38543
11574
88160
84250
86512
65388
97097
41356
54920
7063
52940
75146
47908
47667
59993
76025
35776
59884
84837
96221
4324
65558
77531
82189
76944
11900
73180
3689
66059
28724
35669
8093
11185
20487
65504
82104
17634
89216
71162
13563
63099
44854
69947
6976
80948
30850
40613
6219
58433
80017
77050
32183
54819
9977
12065
