4587
87551
15034
66548
27227
16949
78377
38590
15398
70674
4824
91505
28781
57029
73538
35763
44927
64199
96980
65548
13089
87837
89831
94949
90350
1276
70019
96014
5796
78931
59927
35802
16356
87575
51349
14160
35874
46108
37489
26430
86737
9348
34953
23511
68950
96452
76378
37331
90637
3555
10702
34654
44755
38556
45561
16750
97720
20084
76197
25950
46929
82362
32793
36466
10747
69021
75149
41206
5680
59377
99889
98819
26709
70550
78811
3740
52884
66319
25999
93898
24898
32688
5376
2241
68228
25272
91046
77799
42013
34599
16440
15789
69910
11538
79500
4374
76554
98486
12764
99928
21302
35172
31650
31260
3666
11883
7944
74205
59745
41820
63865
31401
94085
82299
1052
14240
76985
30552
68238
85474
77974
97349
99192
71080
42937
84099
28908
15170
91049
74436
27186
54398
53554
26070
72595
89726
1038
74116
98575
56345
17327
16841
18054
192
70733
85039
21704
87611
10486
65260
27389
46001
30248
27290
21953
23953
35979
60569
88322
19566
82975
92774
83155
85308
14634
9467
77846
68014
9703
11326
13202
2869
31977
11892
68146
61133
79295
98999
347
57898
62394
41296
4684
25789
47047
81184
24150
26264
4116
48642
53746
40468
85794
79008
73370
24553
33686
32746
85558
61265
7192
53689
77908
99160
52057
24520
14024
18355
59144
60820
44658
36980
60222
30424
57171
41679
88089
57366
38261
33449
85317
51581
63898
61061
57579
72734
17074
52968
38522
43592
27446
46548
13440
39081
50705
8705
63387
5523
73731
22527
67160
5794
67120
43295
3984
16766
80245
55369
21836
31691
36463
76319
94485
52109
75947
55610
89791
16847
41580
79323
7445
61055
79833
15551
33373
98109
23539
21140
79718
48466
78291
82565
83635
15733
66288
79523
84461
20602
57076
40813
92488
61705
31131
6831
7128
51127
52063
61331
63133
95094
18913
46540
63943
94407
15082
6104
25961
51568
9921
5874
93226
59105
75651
73369
53400
53897
92683
78751
85820
96424
71149
69188
59770
766
86835
45740
29923
73001
8423
82246
46045
62208
58006
84624
29552
31750
18622
89227
651
60184
53561
32893
10681
51201
47587
33383
86053
57761
53431
53230
58443
73312
75511
66709
23945
49725
86770
63176
7572
69341
76180
52959
43145
27675
59829
31018
1098
91026
43816
21649
35275
3456
78099
25635
42862
38255
58507
8568
53179
53451
59686
72162
19570
55192
23802
72732
86696
91297
60679
79827
44980
55445
81655
31309
84003
601
89748
83005
91372
16569
32284
95027
13944
31781
17955
54987
95213
49875
23846
85689
91218
78201
9997
54120
9655
4018
33389
87952
3872
87096
44321
9801
30347
63989
76669
79829
21800
46789
41632
42261
48507
75501
17196
36610
21166
64658
58217
87788
37236
68815
77519
36821
67450
74989
88609
66778
45448
27534
21654
79985
67212
1795
79132
4275
72247
22483
64679
49955
55112
38126
33186
48423
8243
81585
37181
15716
61005
73386
32954
44996
45801
45600
50716
35057
9577
7499
42350
55358
75379
9890
34380
94266
25135
61647
75049
46712
96368
12920
64362
98682
99979
8261
32676
99110
35628
29096
28578
85865
37807
72892
5773
72061
94580
76657
34183
21611
51079
44075
94698
64747
80133
9321
74575
45221
3745
38920
23287
46596
6535
90469
19347
48084
9024
34271
45017
37539
12924
51605
99429
80480
78921
56484
17550
2486
4116
62319
99686
48477
27463
53438
95633
52293
18222
99614
18548
90657
33686
87454
95365
96707
5808
81982
79329
47337
53545
57689
63037
60308
31640
96643
8686
99473
44646
14217
85826
23649
91771
72088
41104
41425
39234
74810
19132
53097
94836
67054
29861
9409
15722
54359
3853
25469
56240
2721
74672
96939
77154
70212
48941
46427
99281
39377
16837
30819
44751
96159
7646
4004
13788
94899
98886
61597
46349
53939
57473
30998
62849
26231
52501
86490
27827
53628
44585
77280
92789
83216
43232
41924
39545
88886
46495
21558
23146
94677
42144
99856
57972
88313
8346
98676
59407
25856
95620
20823
55473
42256
79119
