45247
43673
34089
50922
17711
62451
18599
45653
94791
39557
38029
61534
52927
65722
64459
24901
48404
77327
38450
51672
11795
57616
73026
74536
17885
53824
27083
1971
58007
23762
21806
50533
4096
40931
96676
95872
54796
95572
3847
60695
76078
96490
5064
18415
50283
46811
45749
93685
61397
70718
72419
78145
3805
27447
90505
87631
70647
59553
33036
63886
35367
16628
87645
71029
17750
87496
57437
11995
69045
68587
70105
52831
73480
77754
75594
15304
52552
54611
24253
71073
8075
33397
40574
87289
51343
43661
46727
76649
50425
9045
25224
95243
62535
39961
25327
59450
8844
34035
664
62786
89373
33753
24640
92809
613
19587
4665
26050
51853
75201
35078
16036
35300
61963
55811
1970
76054
356
19686
74089
