57924
38495
388
57405
63775
59855
9508
38100
45295
34765
81615
75683
75876
72605
85378
76032
80895
3018
50606
81085
2994
54193
92688
55131
37505
16777
6345
73990
34142
3787
63657
93529
79140
69317
74920
27921
40987
73003
19948
16323
31018
42399
25057
72027
44725
84243
58165
38675
54458
16893
6401
25444
51546
59703
48233
3730
45806
45256
19899
46998
53510
35517
3958
41508
71108
88086
96543
6559
97685
57457
35045
7891
83070
34282
50067
60594
29136
20661
10405
53262
58611
67669
19532
17249
97385
38212
41982
19437
21083
71189
82114
95730
53103
72950
62813
95501
38441
83549
919
56639
87699
51606
40990
97000
81848
98510
42373
17263
9635
87638
74594
25145
34850
66637
88386
85840
15984
86708
44122
32895
46103
77106
85475
26495
75342
39314
54787
10120
71469
54566
22153
45586
19741
53766
65562
7005
26679
22531
35401
98875
95838
24719
9801
33444
96595
56969
60880
86466
84563
76973
79516
51732
39427
68024
10536
10593
66130
14494
21658
42533
43722
32253
45793
55069
65485
29008
5403
81084
1075
81381
59160
93452
51307
45247
37056
21383
67305
52030
29900
18373
78434
68321
25556
94496
75049
70420
6158
51717
43229
54969
40874
12185
873
92867
55152
63585
78925
54731
67959
67586
51565
79795
85391
3182
17812
86063
425
94179
30967
89153
43287
14099
84593
3285
64099
75401
6696
51297
80020
95065
22849
53686
37854
46106
40506
46974
92579
58439
90095
73470
42457
12574
84071
62314
66807
98638
82930
22374
76683
88985
69994
11979
20749
54076
11681
26774
27592
97587
28768
79750
56888
27628
74710
72893
44737
97879
41941
39284
62675
70838
93484
41985
4084
57496
46695
30713
30027
22279
36478
65460
92471
84322
74614
91034
25070
10870
32936
83777
34424
13731
19382
94992
29671
10344
16582
14829
37863
11178
17576
68928
56697
43645
59698
5845
95501
28009
7894
63253
7381
80968
96746
5313
61109
63307
87279
72566
53013
83676
47822
33867
64943
58163
4860
48944
51456
98491
12313
93740
40914
31865
92849
18849
4702
67550
8762
48826
24623
68769
95533
97061
2975
69682
76396
53455
16984
14068
33883
66363
23065
44015
61816
54186
63355
83709
3984
98534
38784
10754
54388
97009
15695
14154
22338
75515
88118
77897
611
93559
54544
38452
47943
84244
88143
50761
30891
95260
81766
51404
31959
37387
64608
45950
70675
96898
70049
38662
55494
20992
63565
10228
10042
13868
14380
98523
81365
88821
47344
880
65337
39087
13457
40323
11818
84612
96072
77571
66043
12593
52818
8724
16768
87379
78795
17001
32401
69745
43479
25439
5465
49455
22402
79618
29993
44316
28410
34075
69863
89620
69396
42069
47916
80885
86067
92872
23930
24284
34131
86062
826
92477
72619
42900
68174
54841
93460
22662
35072
97379
66121
11620
45342
21904
95415
15881
16684
33838
10329
67502
56201
61996
7708
76423
43197
10748
60807
35882
1312
85923
93071
8116
35613
57416
24612
12987
76836
79502
11443
75152
50856
5748
99002
72484
23498
57775
96727
26011
85470
70185
76187
90091
13954
66629
29860
38829
84769
96195
99703
57426
94033
57577
21350
49149
4308
58005
76006
87925
97291
82427
39045
37182
22395
35177
16645
50453
62994
35223
52925
85421
14020
34796
50412
31126
9735
2980
94161
68984
27556
85782
28218
80640
79798
54017
81119
93278
84397
49852
68176
65493
81768
8801
28719
3043
31140
39005
67696
78777
49983
79406
75835
49545
43270
14281
43405
59236
7165
90224
39413
1328
63843
7022
60369
11508
54209
58404
57383
68377
54057
23367
66055
13141
67047
