18641
88163
33693
19592
37634
35156
52434
45580
1698
42855
82114
48993
66107
10797
78426
42392
5960
25148
85948
30594
68975
40752
61982
77317
1761
15347
57354
20820
78254
21691
37504
68402
49956
47085
60505
36297
62230
17306
83270
56532
55652
88758
50374
15434
90138
34103
71164
16609
88371
80969
76010
55124
72068
40309
18867
77889
26181
56376
17831
22286
77802
31613
67326
80006
5350
13712
99036
19022
50292
42128
80161
88654
41877
29415
74942
80217
90378
46547
87178
67657
44183
40745
32448
97284
45681
82379
96333
9647
28218
82615
10116
5853
99475
60984
78730
24038
21431
70367
10084
76426
35066
52141
66316
46242
807
87356
13247
42653
65367
38649
87511
79633
69198
50173
78103
37057
99164
70041
34325
22970
17378
89389
90804
67676
32012
74308
89178
80893
50685
50903
58785
20010
36463
10751
32591
92041
74428
86206
96476
58324
69132
53680
44280
89568
95104
30482
36655
49302
82881
41673
24873
51390
36042
87113
59047
45677
61337
98639
14229
26499
98177
32354
91967
14463
79863
67500
43170
58446
17582
86061
62628
12958
73564
76000
53838
63698
45109
1235
72572
1529
37652
39876
98012
9011
26029
7395
83967
49349
51703
86913
30704
75789
71976
69977
60147
36778
61712
29816
9704
27603
87312
78209
31720
96819
79045
11915
77825
60042
33274
95349
567
60101
26067
12700
88847
58300
34341
82956
88433
72468
83533
93820
6742
30668
55356
86838
40981
3587
15853
17059
1986
15292
91531
44968
14217
59443
8156
1192
29966
14114
29570
23925
16074
56354
86346
70603
49722
59276
81130
1846
2436
78756
41382
37236
44070
93491
71467
1051
41462
92206
70933
74238
44188
16215
93362
85275
68570
81098
98482
29404
50144
33149
52989
74319
42898
59607
77745
50387
44322
84753
37116
81705
22457
14006
14623
23230
73909
54294
898
20726
87976
7104
59729
37759
43180
55331
79736
99859
62991
1071
2033
68623
60793
51725
51701
69287
25766
67063
94338
84462
15745
21079
56729
56709
55089
89227
51781
30182
1591
70132
11365
14275
80200
77756
41428
43039
73419
15230
31138
87566
79871
77885
87395
43251
82720
68492
20912
70731
62304
45335
97464
6846
59955
16435
4980
66896
50375
3020
82669
53952
3550
49554
98268
92859
89706
87757
88423
83036
10297
8662
95868
10535
35924
6772
4591
37859
33683
13478
73989
86597
68315
81049
67877
56256
72668
4518
54319
63764
72776
74531
92663
70398
32560
77186
84015
30316
79617
94536
53545
94962
80069
37875
60433
53642
49467
86928
70922
53183
11844
67120
33212
36897
29031
96072
85636
22501
81676
42011
20190
85187
33438
24658
10260
35766
15998
25469
77975
58738
22756
74274
58241
39147
59933
79026
6527
30440
20616
14235
6788
85740
33595
1136
51920
5655
41318
55766
41367
36487
91549
61514
48640
37605
74346
68357
61524
55410
27614
24667
37643
23998
8952
12184
30426
37569
8878
94065
76964
50005
89545
55196
1884
67441
35223
34449
51592
32301
72738
4604
94447
60232
84101
41488
67189
61242
25634
20636
64801
91575
17501
51116
2825
95948
76591
82789
76788
21411
70709
14350
96777
47253
78801
91362
46942
36352
59629
81198
2382
39896
16765
29222
82672
23010
30220
77410
39897
67464
44995
69184
11935
88242
29264
85388
32503
38428
52370
5936
90849
52433
57661
30180
61592
58387
7827
47193
81430
92739
94546
30836
1612
44436
18253
24904
74810
88279
68444
79815
65728
99181
42892
9323
76416
1525
2415
8534
17988
93412
58858
8513
83982
53693
90348
49948
82234
86584
67630
24284
15183
83026
95979
47157
72918
14158
67571
67498
69988
4359
10578
44224
69984
72554
40207
91668
9541
48338
53764
60067
55972
99292
29204
88017
33880
86032
46854
47919
54087
68305
42670
88225
20648
44159
64632
82702
3201
95735
36405
62257
33953
34916
38546
13629
82834
14634
38529
11427
13486
98680
40407
33896
32820
7562
68312
15890
53821
7962
13277
86885
67304
19652
13411
1683
61689
22352
23575
25824
7922
57505
88467
13806
11932
91506
26113
21055
60745
15575
5183
19245
47503
35426
34433
55407
27898
8773
55405
13086
75846
48741
28880
95239
82457
49520
94953
14301
21504
36863
51939
60482
91059
12704
3505
55981
10212
26600
21963
41313
81448
47257
55145
38245
2779
94031
39381
31877
85219
58004
73784
52916
66946
10488
49977
59180
28624
93228
31348
62412
96553
11812
99550
23882
63636
44700
28186
34799
31921
78451
45194
1297
86809
14091
31637
28589
93596
90635
92459
88425
10138
63075
29082
63500
63078
99023
93535
80570
62726
44325
27356
16984
95252
59551
44760
69636
47706
31262
74609
58078
65845
4582
99956
6767
12810
72486
66106
52854
78851
21388
65583
37989
768
42922
52274
33477
82729
36050
60803
64613
51164
47615
72073
87596
51095
28209
6045
27258
69331
62000
80882
62334
16026
34381
22580
5555
63118
22315
50689
90591
32916
40681
1718
41338
78741
89367
16216
52329
7276
11283
86906
11656
70458
9995
6913
18230
32509
12360
55672
84601
66441
38847
83523
16851
40505
3249
21962
66386
20342
46718
70358
60414
85360
70211
31696
10483
45896
30735
8854
61727
11993
53716
19981
58048
75093
69226
91875
6030
27467
4350
73046
50758
66643
66088
24150
94068
57157
84867
832
75492
67404
49829
31987
60558
40924
26491
26295
246
78299
96430
72333
1773
3506
93944
72607
12724
18866
25475
41757
71278
11373
15932
38919
15992
73671
19600
93771
19272
46061
37627
53325
61028
29902
33362
94322
62163
21728
59423
17123
48601
42930
91628
27731
31037
32016
71272
47251
72698
93480
11425
75202
31682
43110
29553
64118
51472
10910
15995
86886
21323
32720
7023
54185
40671
43104
11304
