70143
99621
10444
90996
59443
8351
93155
28348
19744
88201
7881
83975
2398
72348
21073
25791
34635
62425
21643
17918
348
69243
42850
51253
5733
72536
95800
15881
35907
37443
87059
87932
20712
99401
77108
73076
83036
20429
15759
23330
49955
1205
44374
63270
3028
32020
84487
48974
11647
81232
19550
78246
21461
93386
71523
900
56771
59190
85262
86907
12551
77273
92441
82301
1142
19949
63263
2997
95240
47996
42755
14205
46665
98312
67962
99142
24869
79579
48224
73713
88048
46825
4234
54674
17892
8812
66471
27325
27878
76207
16305
23845
35167
28852
10779
72681
8764
62072
62128
83079
68756
81490
53733
63650
38476
5344
31580
23148
25423
72380
76031
77191
10966
11548
98858
65725
73038
37766
64408
92329
53477
35937
75119
19033
31691
18909
79038
17813
87533
95280
90377
62796
17450
65144
4956
6558
93092
40583
16198
12547
77231
43322
1901
55497
176
39113
12879
23618
29993
45054
99643
70998
97663
69799
29601
32819
6370
34700
31959
19566
26306
13766
35615
30143
82002
13234
59740
45821
6592
92299
72633
32455
21567
51860
15097
10154
34035
19622
18856
92577
6030
55420
87820
42478
95637
19379
65132
47651
35543
72137
188
58391
8624
96631
86241
63464
7707
71758
73494
86941
79372
67057
17025
37693
72421
67187
49430
45802
54702
19447
98783
86748
15843
39382
13535
70886
25946
93136
34505
62623
48101
12089
10278
34455
92111
14241
23830
24936
65619
51632
2447
62277
46127
31914
13204
38973
38394
50126
70057
28449
69948
19329
92949
16095
73353
13440
42547
69242
83095
15354
37518
14571
37252
10870
38840
67282
56779
82570
45582
58179
43357
24494
80183
3069
17000
36506
40620
83928
26177
74562
32491
75820
23079
6056
92675
28771
19140
94182
61102
78671
71694
54588
41840
50264
14114
87875
25024
35256
93074
45922
82194
55824
4544
11877
85092
45453
39146
89879
99095
36846
72819
58618
43064
8533
82863
61697
91492
31196
18195
10068
48142
62596
21468
66910
86485
88768
82654
29918
88955
29124
11482
5364
90854
80255
92368
76667
71276
11201
20963
47222
89625
29261
95086
24255
5852
13075
11524
33306
67401
52416
96383
93827
17061
83006
97779
19597
34355
37633
25392
96324
62798
9228
923
69971
25364
67455
67764
62809
16165
6195
90421
80291
10233
70973
20442
18880
67510
97212
61058
73409
77244
49347
62516
36539
32740
17654
88303
7847
82475
72771
42311
33642
85808
24638
84423
80396
28337
25115
98891
38397
45311
48714
17141
61206
61995
16092
83594
46087
62563
78898
52087
37143
76575
51983
19080
13451
46711
64384
37230
7709
79151
59916
80334
43393
63883
56779
94482
85594
86549
40045
90543
42394
98321
22660
28097
28529
32206
1310
74544
16648
34060
42215
45284
3576
20684
5168
57066
33824
5558
70972
33685
63953
87884
91181
59245
85395
68379
73747
97322
5215
21609
97999
59538
22517
88355
9692
38822
53914
23885
90550
81244
45401
89840
20582
73649
36936
14632
76758
22709
58715
99712
60658
80035
15577
6360
26589
54510
7139
63415
42702
60150
58458
3987
69328
95038
36060
82676
22766
15220
10992
66346
3151
9938
15007
89727
88283
74112
67301
17532
22308
70762
91621
51038
38607
5503
60951
17964
43960
16156
61766
55181
31683
90499
81183
30400
22786
41414
20512
25544
37588
54259
91865
61537
11717
92369
96560
50719
65027
25850
18077
52476
87208
89606
41106
71940
68528
7420
65379
63824
34087
18096
38716
6609
53454
55810
34662
12652
28755
84607
66940
46868
53600
41757
79943
68048
78896
30083
39320
46238
8942
10231
52936
18110
98079
9289
67973
42076
49392
9243
61872
15366
76034
56687
91457
19492
15543
85255
8083
55907
57706
83907
21964
80420
58909
71208
98876
45450
9662
73058
93043
38444
68099
19141
54881
23855
65160
20605
8530
44164
87836
92585
63260
19512
22735
51573
70834
96913
50300
60451
52504
93641
22000
83413
88531
25035
88267
72515
59201
26870
10413
22522
32414
76334
16199
23427
47267
56892
1805
67601
54332
94938
76725
63918
68070
65120
20647
2451
57685
7335
373
1962
95150
49211
20553
99402
16443
84686
30609
29846
35587
92644
61404
81659
33751
65313
60171
86926
3312
99307
4306
13941
95107
82699
6118
57566
16915
58081
15342
23411
4387
85815
14830
51865
26496
8450
27372
83203
55781
16797
6984
62580
26282
71958
32013
61688
33534
95065
30167
2756
4949
33721
99139
58378
3028
86432
6854
12450
43092
62986
82486
58361
69343
7198
25459
49772
77814
9538
55163
25300
37941
76968
31144
86514
92323
41725
87659
23148
50685
44430
24032
21850
27914
12585
18461
70666
86676
56452
48837
40064
1595
14921
40110
92794
34311
48622
93237
19083
46499
82241
83874
23996
39902
4866
64815
27981
2576
