27633
28483
49357
5454
81912
51488
38884
22432
73830
64103
16604
35932
28488
90902
68152
34180
43003
87236
33075
28805
58105
9668
4400
92446
14446
76258
38094
33670
32891
31670
26491
71286
89762
18515
54872
12586
94267
68219
73020
63436
27836
97503
78009
92821
367
19911
99746
54131
80920
97542
12263
61095
53213
2841
42303
17965
24082
56910
91007
5654
13394
5214
89540
42159
37611
45317
46170
9972
36029
55566
39913
74784
14215
69638
968
60601
31659
11578
92079
94534
76511
83962
52750
35348
19407
65396
18072
86921
76212
36907
88503
37356
77211
67366
50042
22622
7962
35849
55210
55049
73740
89774
18102
