44696
74098
67690
74851
53280
88252
12586
56238
12887
84403
60321
75702
631
97534
12796
96841
95253
44668
10287
2561
66899
10295
59724
3229
39083
99665
52052
23199
4545
35007
94300
53489
20940
87783
73165
12077
4442
25149
60741
45133
76554
1393
20404
62137
30664
14006
56548
60510
33492
58657
42684
18804
728
74364
250
34400
14374
64461
35768
53614
36199
89387
51693
77880
90103
6831
54761
12847
24369
719
92398
70103
83926
65153
26006
65506
89891
97586
72565
25076
43116
91542
89706
45888
92322
75495
52760
46575
87532
38765
97702
39981
89380
7127
8933
87167
49699
42524
72033
23832
59245
43701
36141
32773
66259
72581
34877
35575
48358
34744
44509
16787
91895
10692
10497
44657
99680
5805
85558
14607
54070
8185
25314
85603
3016
52417
80722
76799
56219
38839
15806
47366
25552
48732
65830
99415
55400
56932
79629
19740
40617
17185
98217
52788
94255
80914
48085
78688
96629
64276
87486
43894
56966
57426
69761
51059
18386
50537
29757
13842
91858
58078
79355
9519
18938
97143
91235
43162
44861
11081
89257
42748
26176
65817
73990
36885
9968
72526
91348
22101
4331
2034
80169
91943
51352
71911
90400
68126
78971
14771
81029
4862
27175
65787
27882
82539
37830
88697
33850
97112
89679
4922
33827
85547
75018
44738
17718
91149
83435
32876
41091
45859
59189
7655
9510
89824
77908
87411
58166
47026
6743
23108
64191
30090
30051
84394
15572
60389
37934
91450
99054
21270
38676
94236
32421
99408
68207
94621
16924
6614
54192
99250
84690
46094
73679
35170
45673
19519
56276
38058
4631
50419
30531
86823
90369
66571
40731
3736
55496
90624
29165
57329
53214
91985
33822
19820
7183
64953
75234
10102
21617
83286
70486
51551
92834
7492
38417
18096
56410
94881
38721
96053
4112
99876
86819
48634
90739
51853
3866
65850
58677
64470
39125
26300
77449
96863
46036
92705
12272
53859
27986
80720
44285
46173
16441
21344
79933
78979
93989
82877
28153
22634
47326
60614
51903
33112
53216
53338
5165
85187
29081
55330
61086
9383
51425
57146
44160
44185
74102
95971
61456
45711
5823
2551
66894
58001
51767
57938
83435
65474
68701
11759
57863
20989
37696
36042
17144
78511
74397
44336
43646
92698
87540
27085
24778
72656
19633
34901
94748
59294
77184
35747
4876
98017
21421
82442
16810
44775
93719
93902
81344
95278
69902
39690
16485
17321
97466
40096
71686
15382
40002
65649
69788
29765
52324
68757
58171
78738
77772
94238
38367
16865
63189
24140
88290
32954
6882
59845
99568
55254
19232
72369
84791
80495
62991
48368
22795
47849
10599
7456
75190
79536
63214
79366
19292
11534
65959
75111
45693
52663
24270
38071
67002
99481
55534
64478
32088
45761
51400
83531
10438
37620
40528
16431
96150
67632
80857
89292
66774
3956
45962
10322
68138
70315
19047
58830
53651
83823
4848
76755
66995
31771
14152
46905
30984
81160
5366
85310
24960
98512
16280
77033
96449
27068
97018
37570
39008
46782
83216
51659
30677
76666
8336
41736
6700
13948
69933
96686
80433
96703
10827
48264
40913
74644
16535
78666
23467
93622
85447
14989
62265
95546
64332
68261
87676
68929
13872
41070
73297
81477
19822
6868
606
53188
46078
90329
23434
72416
40204
17035
11227
8680
4876
28256
87684
68015
36119
21805
10532
18351
14102
45385
61335
68226
89393
35130
12333
40075
54059
37771
75
28863
23389
98956
76881
3959
47658
87724
28565
26206
55231
51051
53418
68412
3762
53585
90670
36075
80576
19661
32809
92067
30537
54945
67374
74436
45532
32380
63794
10947
77995
83359
18356
2433
16959
82363
85290
5919
51375
83725
20357
48394
93239
84326
63120
63051
91967
92923
64463
35808
44460
76258
59499
34398
4962
8008
98325
68444
31582
2444
58426
15277
23929
17618
48210
71872
32694
50984
51452
21399
68294
84750
84699
96851
99304
84414
98828
46210
91825
4322
82469
52609
67916
27986
66487
1737
23859
83957
97470
8951
84037
16846
74337
48931
25298
5079
24464
75621
36115
91247
30357
40982
41470
43064
67513
59709
91558
62648
35094
20547
9180
52115
76619
27259
19975
5817
47360
95943
51130
46473
48012
48736
53514
42501
37361
51447
10412
35768
71552
94224
59949
23206
10094
577
73965
41486
11138
24852
60472
6778
10179
61211
48862
76922
99770
31922
40227
47078
28956
19481
57718
28521
24490
89642
43235
81620
87468
98969
5703
16065
49296
55789
91095
40870
60598
85973
42020
76041
53294
78488
94678
22508
35470
44352
