321
24412
15000
25077
72603
87224
17735
95111
86862
14509
98973
86088
13850
86667
46920
18707
70213
32118
80558
59399
8953
40828
97911
96762
83070
90598
69640
14105
227
72581
14652
57029
77388
5303
17334
49725
66029
65812
68485
89099
18682
82457
98246
66323
80689
13427
42880
95813
921
2982
94971
56562
51125
37283
69349
59492
26500
18237
42006
82005
17584
3629
94883
14280
99856
41943
8699
8546
69333
97194
52678
4400
63632
91459
40717
26496
42582
31588
16073
69642
47717
73826
13184
97245
77610
58090
5904
40105
35953
57841
23224
47791
23805
86480
71514
15052
87574
83965
66467
38745
4728
34334
26480
3726
50304
90570
92929
59665
96566
42853
16909
94912
2164
72364
34287
43757
90445
97638
36670
41765
36038
68594
72592
11491
73970
4886
80595
77151
19944
25664
38921
58617
65120
77327
64913
13383
47346
9458
46940
87039
65160
46238
43539
93100
40932
28312
45627
51441
52193
27757
24607
89935
47294
24701
2706
36134
61741
14989
29755
45417
9975
15778
39721
70901
3931
58292
29791
24837
7450
20903
96411
80987
50697
49631
76604
89799
25054
79492
70559
45658
59259
29153
24958
92187
1057
48986
11322
40419
74620
28779
51642
32357
79702
1523
77063
49382
6517
72637
89168
82639
98520
20789
43991
31289
31345
43619
39238
97663
48097
12907
11079
82249
44429
84097
86157
80821
90819
47533
69843
54945
46969
89372
50216
78670
69261
64054
1284
49173
72567
27222
83282
52416
90324
87919
47137
38469
85162
93668
60841
57437
9747
13659
92322
61713
17699
69392
87927
95605
15366
96242
58562
58983
2794
34222
35669
9148
70573
65320
62028
67290
42335
90064
25095
20874
29624
58662
91925
56510
36960
47687
95659
97150
86692
12405
45197
33310
97050
88503
60970
99868
76127
5679
33807
76325
68659
24298
49622
56101
52249
37988
67896
19841
31640
93551
15102
19683
88563
71447
32088
59037
77467
31416
58644
67678
582
61411
72291
90389
89024
2359
12098
82069
4349
62159
91163
36656
56256
48770
52215
5326
9040
35823
4260
98971
79790
75817
65510
93140
97303
25514
44746
25602
56414
1933
22401
44710
47034
66128
75742
7247
52007
59233
67076
49890
25890
85826
15492
69481
2388
78445
63426
39793
19232
26762
49996
41643
27156
59673
87888
24765
95901
79150
93085
63510
57612
86495
25654
2415
39757
46452
89621
90127
73027
44967
53319
49807
68746
54370
73081
93963
60325
96028
90752
18857
62087
4953
6370
29652
51937
80757
17554
87361
78240
50977
11346
72856
66147
3566
92277
39394
60171
13076
29723
55935
88824
73298
66765
74264
73443
189
72896
72786
86591
93924
64439
99872
88398
74228
1423
52658
80124
96002
50478
58999
28897
2260
11887
22050
33621
80462
83660
65180
62092
33686
33791
47249
66304
34817
30033
88788
38188
32106
56209
51748
7860
44768
769
84316
86537
11473
84458
91918
2142
39619
59269
64169
62598
70723
27037
86563
61411
44714
40643
92980
16528
7715
10693
52905
60132
17190
33567
53580
44195
12634
14470
48018
39793
98729
51139
84129
1490
27570
35512
22147
96004
91741
63038
22473
74416
69622
84651
95580
7779
43469
27376
93473
91463
63228
35219
144
34074
47864
24184
69347
77905
30877
47723
89507
25149
11251
24375
63868
19584
42908
85073
33841
9202
18495
96975
24787
44677
88220
78488
90509
32539
37986
45801
725
85258
20996
56555
76564
63510
50994
50054
53625
3385
66164
44242
65127
44017
73530
97324
63165
45246
20783
75995
64871
58396
93535
84271
72967
66252
10431
55466
45853
69375
33674
36808
39918
85075
46998
4249
4152
54695
47810
357
68590
92853
31447
30455
43037
74253
31848
80770
71147
90896
15323
45262
11756
61990
80930
42329
91723
36724
83587
10312
53079
95527
4200
84250
69711
29356
4323
80051
97019
69280
93171
8469
97435
20425
7405
72017
26948
63079
41234
98714
34404
29661
84319
54957
54052
88411
25052
77927
4145
4668
12526
67427
71107
37498
47278
73063
88652
47197
60744
13680
69929
51797
83750
1867
97725
6853
47827
91330
54585
8912
15381
28643
95490
84873
75908
23417
11207
49243
30198
81299
4304
26395
75905
92350
56753
25743
37362
59937
73147
34342
83365
79750
2335
27553
28784
82607
45910
82452
57231
47198
40584
33721
23342
95233
89287
83883
71937
86234
61590
23860
61855
39408
16999
79445
9376
43534
75891
91400
45113
71981
69491
87889
18183
20243
25547
35630
26308
67936
56088
93300
77507
28755
92011
82999
40714
70582
3053
80672
3062
72870
53805
51128
98346
49286
72486
43956
62751
22889
18177
85250
6715
54509
37339
85249
77707
52695
15538
3098
69686
53657
57574
4001
30145
68289
46353
33099
47397
34000
38731
38794
40480
95218
88338
72242
18176
18362
89543
68896
47756
81590
72878
3418
49759
70838
86585
22997
91416
6762
5291
88019
55043
99954
10986
49404
15296
49804
20983
30057
2932
39387
96559
28751
84158
79383
44769
11497
66171
65096
67073
59345
63151
46642
55341
88095
80779
54156
54241
59306
81704
23356
41683
40635
28708
50711
83750
40526
84232
38933
56946
68371
97379
59485
65964
8369
85031
44127
19259
