81838
93138
25428
60655
58204
32885
55994
76995
8972
22831
15168
30631
30251
10118
73964
81580
64217
95023
56146
43284
69477
29786
97786
10788
69139
23998
56021
54332
72819
51750
80099
74686
52537
93541
66613
65475
28773
51619
48515
36119
78826
67110
81988
91585
9869
10117
51999
97256
24707
35991
38766
74972
26529
21779
90959
52052
95352
14640
91516
34206
76863
1661
4175
57221
42732
40481
78093
36709
43505
8489
52806
12598
46507
20026
64457
2366
47797
6200
919
59021
71999
58765
29625
36827
12984
5126
48156
30757
2582
14560
70122
14133
60103
14309
59255
77164
62934
24766
48853
69387
32023
15290
53751
16217
83185
26167
28464
6503
57322
88592
4255
89152
13720
32494
62206
18098
72036
67347
44237
37605
92324
47336
34126
28944
38366
38673
52495
32198
60770
87292
39432
23030
57347
31532
26997
56708
5014
13407
53642
86816
76661
41653
73435
13989
10305
80970
412
27608
52102
41157
5128
95587
80529
11247
77062
84687
81163
24807
77850
44511
73672
96266
45732
70029
49160
81224
31804
82188
5497
5498
13084
58628
13704
57420
60943
50670
73900
20137
18638
57396
38260
24887
80095
19613
82164
43845
42501
46099
54469
42309
75544
80207
35556
9131
13144
80395
95921
3405
64828
29081
49165
18224
22110
46604
28073
46499
81882
23109
50304
26391
10787
61026
6168
20454
6250
48785
16171
26119
87865
5315
38722
85705
27718
63187
29953
32877
23071
4573
44276
80548
54749
70495
55308
89557
8230
20036
2776
33491
91539
35664
61962
19392
95795
28077
31522
14518
74038
15102
2880
64359
64224
69802
15540
59513
90358
63460
90505
58923
16650
95196
23427
77309
78832
69755
71642
40292
5717
16611
12223
86213
46009
82679
34579
52201
43352
19330
89909
99640
31665
15435
58838
7969
1692
79917
16323
84946
54954
95795
99198
44770
29531
43852
16840
96343
12236
84653
40559
26039
56435
91230
8800
57427
2878
16667
18350
81544
35223
63338
16160
71027
73550
90864
27257
1215
36358
15458
75616
98915
53431
86696
85337
9922
17412
67453
56682
2156
65839
38236
39964
58699
78771
63870
43205
40435
6634
1410
5090
85025
61566
34779
49723
91616
79635
28171
71219
38666
16594
15625
59984
96778
9036
41643
72607
69738
5892
98878
40015
35424
59984
16193
15704
96986
23374
57460
92256
9680
47658
86822
94580
34947
10367
90591
37348
18652
36972
93721
30286
89241
96234
18016
85561
50213
78251
43185
49662
37127
91262
73466
34542
7756
61395
69666
25041
45372
19074
52736
68241
22174
35914
61538
91007
29772
21045
25037
86411
18445
4294
53955
32766
12171
68591
50773
39190
41967
30632
65491
18735
80188
7798
55128
18418
74191
52280
86823
73551
40701
65550
91975
99577
84236
25479
8112
53326
34695
27008
55789
29168
53214
56774
31217
32833
37306
40700
22370
39165
10621
30475
83073
14740
53583
34001
88052
14376
80786
43120
16815
77491
34222
51485
45709
52894
12318
54378
48529
86692
60478
97447
4494
14958
74843
36322
65520
23413
76580
22295
81111
33491
29910
47658
62930
10225
82476
77235
45994
50235
37426
93736
72540
91575
10193
78297
94946
1729
11064
78322
20514
82928
92171
35678
78686
13174
25980
68114
39896
17261
68480
64638
37795
58491
62008
83324
47580
86563
88554
35484
70417
35083
8383
98294
49265
66742
24907
12919
4765
96545
41376
63791
12348
98258
1780
98183
41319
94232
68971
49756
84244
14362
37339
28733
81754
72787
55941
14049
29566
26868
30717
8382
13174
75580
7904
85431
74544
93876
86413
11943
88267
13061
63349
43350
75884
4689
52289
39536
56710
63825
42004
53348
17592
38798
51239
56055
97743
79650
16540
76477
10801
10857
83353
77897
65828
32993
50617
36767
90353
16349
23639
47443
7818
57027
61488
71183
51013
93988
52848
77065
20498
16404
57338
65741
84863
77368
90790
74375
24341
51848
87687
94893
77336
9935
1142
77409
29708
85451
77522
42891
54071
15522
49183
40361
40185
94561
45529
60564
77309
80055
5042
3755
26802
39474
55979
94396
53519
17611
93033
88460
42202
76241
12426
38504
28661
28745
70106
97882
