84079
41475
65561
16465
9956
22993
4976
67221
16977
25555
90301
31838
30226
97065
44285
46806
83931
68090
37861
53956
6746
23889
12096
92418
89061
688
77829
3095
10678
11699
11440
24454
47646
4679
93230
38580
39481
87290
16846
16481
51003
27174
36541
92055
2731
56622
11976
79176
68140
91698
44729
60654
32245
43926
49138
60189
29378
73143
27403
9268
45163
1880
56543
5277
14115
65847
84191
25547
3834
5705
7325
96641
51244
21379
2953
79571
87348
20041
89686
32439
88711
98653
34955
18979
66969
50785
92209
3720
55540
33040
9202
66337
59886
7578
71317
49122
70631
31264
77940
36884
72430
86429
75341
62434
84373
48088
9410
10865
40972
69567
72841
9337
83456
94964
20556
46510
66924
37563
38307
63329
73637
80470
70006
70794
96503
40987
36755
43666
50062
53830
8939
56083
42100
52801
60008
2282
23311
72520
34606
18881
41375
81343
62748
85973
60199
99864
82880
64922
87021
24807
82198
33067
92956
14610
63246
91960
16423
4547
65931
43385
11332
65743
60803
87141
60627
16757
67236
30654
34955
18273
23199
94404
2957
19426
21954
92294
17722
84033
10595
96638
58106
71833
56644
25255
71632
75871
63127
27489
89555
68048
85858
18764
6589
91220
7548
75631
20540
75606
25345
43441
32628
52226
29966
68748
1608
87793
30110
73529
92656
70952
74238
32389
93952
69293
85279
39499
9099
35548
15509
84755
53629
39746
41099
66907
32415
4434
87815
11736
11877
46322
71753
42115
58687
67153
64010
5880
41866
87896
23646
83838
45761
89598
34833
18603
93810
53469
24811
37296
5941
68049
66532
84991
60097
40589
89811
92881
11126
63059
36332
97173
99978
18374
61652
46333
99198
32122
73702
26798
5282
79398
97632
21202
11901
31670
38994
64031
4913
22496
73096
78945
79622
50519
5794
43828
79790
86761
82018
18097
77341
71129
94753
78807
51563
26473
83859
27387
27945
88499
19404
61687
79766
98013
32013
26543
70416
45329
73090
28426
1595
25779
87967
88630
89962
57387
17550
49459
12579
17823
66543
12436
50103
55604
49456
34153
84644
18825
69639
85427
47810
11607
36085
16414
3091
11408
99178
81609
18505
79251
73412
34460
13671
53591
16502
51562
83161
6123
88844
94176
8923
34400
14807
10122
21955
6968
11584
24162
48556
97859
41898
51590
75689
87662
80616
89988
89694
71553
85539
78553
58208
35940
30954
33327
44411
32082
98765
96512
39101
97894
50991
78521
29980
75463
76504
13410
96799
25963
94458
96122
99824
75016
33053
20645
37352
21821
58771
26008
72975
26513
61867
11608
20584
10291
35968
72982
3445
81480
65711
89873
8203
15071
85060
50661
46867
63377
21610
226
11157
67205
93189
63730
77094
89416
78729
83191
2887
10308
95974
22590
73311
72756
23536
12587
36026
39383
57937
19689
39494
3522
9964
15319
60252
4584
87919
84752
89955
82391
73778
73975
210
58544
14851
5769
33324
98137
34513
31167
31561
52776
70094
93137
85505
43121
16561
35447
91535
72473
14634
7484
5440
1920
60731
7635
57240
77870
3478
72510
1497
93976
93236
20496
36529
21999
22379
14767
57905
17766
79263
37889
4870
26769
88127
86718
33427
16826
29813
17130
88023
52471
93217
17482
67756
66293
68535
98290
97812
7215
48528
55454
94658
62003
29669
37585
59539
49598
56607
63506
20741
1794
77542
73768
93210
76745
2614
78670
13792
74013
74208
40413
48056
86347
84486
49025
758
75754
52739
70236
53463
24089
16954
50689
69237
23808
43230
42866
97100
50542
27178
83828
60219
66307
96388
86228
74929
19449
24272
91011
63679
89864
84497
23798
33007
8115
7398
8310
77516
80644
36826
83785
96858
86371
10042
96652
84839
26852
4530
69401
33514
59747
81570
63250
46834
90379
80194
81748
89958
98258
74096
81309
51482
61728
6556
63598
39591
93155
17682
61122
16409
34920
65350
16456
13715
43393
