68787
9538
16118
76335
76847
93065
99064
83364
52891
52746
2066
28271
67368
4492
66595
78798
13739
49644
99709
71324
26915
12412
70244
72261
18643
14420
8720
68203
81276
33856
72902
43
95839
50657
52324
85283
1395
70965
73916
55258
38613
42451
80317
55237
24609
7218
23836
29029
14098
68657
11303
12720
9306
86555
64713
56374
39294
43857
57691
62426
84345
30861
2087
19034
79844
2022
32432
16710
52167
81311
77403
42773
75728
44451
32711
84464
32095
15006
47651
11425
90583
79690
54104
12619
22553
60181
90737
9284
85943
95950
45989
57538
13274
11489
70912
7751
40363
61283
75392
22586
74785
7125
76862
32786
91254
68529
36992
64855
53844
80249
24279
24287
96205
46265
71843
4655
76756
89468
96480
19662
11285
23147
30767
56217
35322
19864
29499
64238
73538
24959
44100
70812
39614
25065
36640
83457
2827
21318
21364
54024
23189
25881
55440
5694
71670
21701
61333
67009
39646
66257
30995
50895
64802
55730
11301
51637
76358
20645
97463
71389
39030
72753
91317
28884
36148
53467
84673
71139
9625
88385
1827
55438
68103
42456
96472
85403
67707
25072
84546
13621
58531
62490
24591
7280
93963
93205
6009
83883
13764
85002
7099
82182
23854
49975
14993
50435
34564
26555
69546
18203
37028
90193
57383
51261
64429
75556
82791
22345
59257
25897
83930
51286
36098
83842
12858
76540
48162
84036
34920
42942
47457
789
57375
24623
81285
19645
31584
18128
27462
46037
50838
41152
55526
66343
76592
68337
5106
73330
42851
18407
10414
83664
24626
87866
1071
55813
46083
40011
37116
38453
2273
50528
91634
26603
70745
36238
32817
32760
69975
44784
43972
64662
94882
13220
75059
42778
95759
69755
7249
44521
71434
74831
41185
16513
32528
63793
76163
69509
23551
25472
73561
91572
81012
89009
43763
310
49517
28922
95598
40354
35519
72345
3355
98066
74434
45751
88781
11406
12806
58293
60053
76328
32761
92595
67019
27442
9343
75120
94075
6951
60075
63308
9209
44502
71223
52400
83650
5872
69457
74749
93260
66837
74157
66895
9001
99088
71476
43118
42079
86777
75011
64756
56702
65258
65419
97233
58810
88416
21990
16320
90966
74397
34846
88646
80278
72211
63136
58852
26843
22034
62100
82908
41949
38057
65032
93215
2170
65866
83593
67930
55965
66225
33041
7298
31940
95318
6605
43950
79083
73989
93589
95233
83882
53136
83782
18863
31990
85511
86616
36790
35952
12624
16274
20044
24676
92102
22807
18645
226
72203
95062
92944
4822
54059
60355
24741
41355
27548
56705
84960
65605
19185
79768
52853
28444
66867
99026
88812
54274
46168
61224
16659
79249
46803
31977
43341
49950
12996
82621
39838
72511
87960
43724
6880
78926
645
90410
29822
92780
59041
77508
4441
28805
1656
71185
16767
32855
63420
91600
57809
93076
33994
64370
54057
10978
78403
13694
58019
22082
17013
74791
28358
44927
16867
12449
77644
75460
72888
73927
27798
76456
69203
96031
95233
68660
56782
87853
77593
75618
15210
10485
86529
21396
24812
46761
38516
23590
89667
95901
523
86951
32391
7740
75767
84250
49149
59514
11938
89207
93540
41306
59967
89493
63801
81352
23872
37962
69136
85396
54195
90549
36101
82400
6872
6528
88261
6962
20114
70105
73932
54054
85793
76986
73403
40847
44064
61463
20264
10983
19511
97268
75915
88385
82078
73903
50517
97035
57594
43459
22889
553
54453
4270
41705
9973
50850
49990
867
69238
95988
42186
39400
41832
15274
39485
55513
82980
16090
22954
37288
62409
17697
58153
65885
56927
14634
47715
322
32968
56010
91226
49368
76654
47216
73379
99601
81522
35281
63430
89997
94073
60595
51026
14995
77324
57868
34083
73111
42592
18390
67537
80945
34639
6171
60479
82855
96299
38385
84778
95339
3134
49668
67898
13228
4761
92818
62745
94615
41894
39883
73990
47699
52660
32957
43214
1814
66671
43158
88560
99059
80550
74603
57729
14578
88473
10281
14728
70483
86737
90523
3302
43136
50502
68090
86862
44405
92696
37798
10233
84506
95123
39467
31216
2708
44399
19837
28284
1682
62956
58665
16184
53141
49825
85719
14788
28531
91938
53320
24754
94480
78089
92261
7878
51370
36581
30854
97196
84569
46094
98809
9117
28873
32925
4053
3936
41083
43386
55020
70178
68635
81996
13045
7526
28072
74339
50161
93310
64783
53301
58331
52466
39376
13043
15752
6416
2861
31589
79845
66127
13545
22640
43715
55588
64147
49547
87310
20215
45772
81782
73705
85144
36917
83141
56118
12484
65044
84734
79806
77030
86420
37543
32413
31267
87762
46342
69741
15829
17172
97637
1074
9493
63541
88893
56633
45995
38280
57457
43379
78524
87029
29945
47538
83000
79596
73187
15548
56234
56925
3268
41372
18127
51782
2814
79707
76002
90227
12447
67825
17804
79805
71481
3043
48134
80708
64211
21603
48024
26508
10123
74203
7587
41354
1281
90001
56475
90004
49412
51671
14575
30794
13507
58904
13903
56264
82947
57711
60726
9186
80630
55767
25833
89631
25575
98719
15547
26901
99403
2292
15384
51584
67524
29725
46801
29065
33784
76772
50500
12813
23231
85997
40814
60775
53249
87010
66297
12577
89139
91870
97760
6500
60877
38837
45878
54355
48369
17955
15779
2562
74454
29573
90600
47120
36287
62991
63269
83781
12102
84838
22479
6175
7210
47912
85954
94632
14953
65057
36381
38564
32421
2970
37762
7533
4531
8883
90707
28686
83847
92445
80695
15829
60993
47938
38359
93658
95397
93694
24488
90258
23740
82516
474
4301
69390
91585
99290
12964
52883
51245
39402
83312
81574
77214
70140
71483
91811
83066
42589
27403
72284
34582
99934
19657
4142
6650
45182
59271
9553
92295
99235
21259
40569
46123
14824
49905
2496
33460
38143
12945
9593
77742
75803
32602
53043
97383
34254
83778
77797
66875
1847
12330
51105
97084
17973
89157
82582
80816
158
62739
46403
40018
3410
60587
52009
18143
