75122
85901
63851
54469
76184
59743
16665
80517
79365
30211
4552
45405
61908
65301
88594
72405
70180
54337
8796
11206
48580
22056
75928
71169
54400
15591
56776
34681
70534
10269
81813
13361
58280
57300
24816
26208
66881
90990
37503
44586
52768
86534
11000
83422
37688
58714
97374
55212
51974
61196
11018
68762
71783
97107
84621
53065
9973
92681
69
60592
2967
81984
9982
69096
48398
91190
87125
4607
40485
62385
5523
79189
16833
64209
58437
62045
11056
92506
33481
95685
18216
1563
82706
9338
99250
13051
41578
61172
72679
71750
16235
74199
90921
76911
41619
70784
76552
41903
35023
46497
71588
92767
14727
89589
55672
31828
51928
7573
38669
22576
42009
17467
59200
4383
42375
1403
99278
644
69846
35347
49612
25953
31927
68734
46150
31324
88268
39922
22590
87653
85492
69152
57482
86983
24097
25449
86835
93116
53665
67421
61122
34004
22502
50103
29741
98768
14999
86537
34535
40215
71505
75908
72057
99676
96884
45635
60839
45992
43438
24348
43560
12005
84983
51016
37083
72856
59984
72216
80286
16926
14568
6161
46978
2424
74224
15608
3450
81823
38993
47382
16324
1731
5387
82374
16148
9584
97095
57806
90099
78461
64609
40843
49677
29317
23861
49117
49021
71486
13020
56885
38783
42782
6250
17609
25647
65344
28929
69632
25452
81275
42184
79016
6999
96056
8023
41828
6618
2609
34867
27498
75760
2178
82117
1825
52316
73725
56483
17660
78563
25106
66587
31964
68803
82107
8598
73542
95480
87777
56726
50803
80654
27462
32354
8823
36276
85593
33843
53621
21294
82032
42499
46412
36618
85521
81124
36604
60665
4425
65293
51922
8861
11269
91069
345
14688
10220
10212
24891
87458
34480
46347
18840
45882
84064
46843
48298
69824
73293
65548
66722
39881
2862
96365
96530
82607
20175
95346
83281
983
71994
12876
91055
22484
4804
41942
69385
36392
32008
94134
26055
75381
8951
66163
86813
35684
23659
530
52554
38678
32826
66780
87372
38876
98570
12040
5998
14903
94539
17737
94513
14874
26930
23908
15463
21604
55292
96355
41077
42121
77457
11905
37815
79158
39492
91341
30930
36699
9552
60845
58948
19645
42791
44603
68157
5214
25504
52178
23914
92764
35943
54482
41853
14271
99621
11181
48450
85042
50699
65209
80392
27303
59452
10432
61220
20920
28964
8213
99383
7229
81110
69299
5351
33693
58788
74868
72082
82327
55751
10249
96099
3113
72441
48313
6178
22975
70052
23544
79537
28311
42890
45887
85999
44342
80453
31644
60192
32359
83383
