76249
17291
52795
16684
11653
66643
49131
8160
55482
24753
39098
66122
29290
40449
69109
77278
54862
11139
4253
38244
50868
5420
28676
71072
64338
35222
83300
61008
53239
27144
14675
39722
98944
8515
34000
78808
50318
55756
36659
39534
73844
61891
68061
54783
89212
76768
16596
45550
75232
3175
76782
49053
28106
45138
96368
70829
88614
81722
52345
76431
83343
88122
54920
28338
10077
99376
67178
20775
6449
90300
26960
99105
74479
64719
64400
88976
37358
73892
81859
87570
18625
37749
85775
50064
50361
65622
11616
53806
12147
63170
90194
68595
3411
60228
56191
85721
6970
39723
44706
89836
9589
95821
39100
84931
76214
77676
74573
63387
80737
7391
33470
14722
99863
64775
57805
45593
2347
4856
77976
44454
87759
13372
8628
43279
106
58364
95694
14251
8527
78679
82005
97635
29186
92023
77980
22804
98648
843
73849
72684
91049
48229
73068
4756
29699
75471
68732
38635
2423
10597
83374
2114
61746
251
2076
96217
87193
95821
84825
17850
81982
60321
54859
2057
25385
35835
85536
7839
86794
35000
46944
1503
31006
5291
53405
39529
40303
3872
13579
24634
89632
57058
11828
97930
95305
79891
35889
28934
89946
81763
35611
2827
16018
55999
90702
30727
93370
71010
79370
93864
89935
60892
51840
67422
63652
81870
71107
56454
46845
62546
55913
83320
82242
60190
28218
24923
48493
56928
6752
45493
99946
56601
17893
5031
99389
44117
85484
75007
14588
22677
46159
69293
24501
19715
34699
28739
5218
44406
34277
13434
8784
79434
82088
27399
25849
52290
20584
55828
27781
65779
82233
36441
64258
33876
93917
33334
42999
46808
68032
19534
96385
96099
41865
24168
16387
86620
58819
62526
25491
99479
19704
4087
22651
93318
36709
20511
74512
90493
79182
47099
23533
29656
47226
48809
40443
9718
5034
90624
25797
1364
85739
58409
76373
14743
17048
12684
37569
57920
11011
39228
93470
58057
30337
28301
46074
78146
13790
70939
97166
73406
58821
52505
67626
20932
96001
66729
48873
93056
83724
6669
81585
68194
36729
24126
13739
61295
27713
7908
76269
24025
82942
16591
79481
39953
53628
65475
99319
18924
2734
62297
95927
34095
93458
52391
42542
33233
90783
55440
18741
50319
63811
44512
74196
4342
57642
25276
21328
6210
14562
84779
50432
5882
94669
73141
90463
42230
73024
27672
67304
30526
67410
29948
90321
21426
10741
47490
74736
84337
81583
80506
70511
72273
89166
25950
60214
38429
42395
75139
82310
28351
44146
93108
4362
17955
11864
90045
39425
20317
61928
312
60209
63111
88136
88215
82908
33862
54191
52769
93600
10152
50540
36991
24627
34056
14267
78159
16715
68719
12926
52033
99834
97884
45361
38952
86379
74301
25585
72365
9562
20696
8065
54418
22409
81270
20296
7400
84136
951
43042
26351
84237
89625
81538
72158
77811
7155
68480
70306
3687
33704
73329
70705
7390
9894
478
62324
17749
49183
1835
8606
8277
81826
43207
72904
2086
96121
14581
43356
13759
6867
94022
15764
25677
86574
67796
10209
16346
73202
61141
79224
5821
55279
68677
75857
47366
37359
47028
12515
80792
57971
89650
34953
99115
34435
18074
2411
46417
8634
70071
81689
92573
25123
56547
96820
39681
57565
45028
20816
42098
90268
45978
44547
88041
22611
2785
52998
13148
67350
25537
64727
49093
2066
62564
55787
17216
