16648
91241
68500
65384
63791
7711
3130
79451
86650
80697
98732
71856
36175
89801
92330
26212
70417
90523
11993
45103
46911
76504
31649
65076
89263
79067
83097
5344
32596
90507
62559
759
79604
80612
40916
53786
52315
76713
26477
38266
41416
8590
35960
22088
54265
41291
31174
35735
72396
22881
31648
72040
43793
72113
12157
40143
59592
3423
76120
84723
24614
97786
46855
96143
18137
97972
92252
55563
48884
38543
73896
93703
64046
73727
3686
38321
40544
9561
10810
47972
47893
47361
32947
9714
58858
90519
56965
7491
68454
773
94194
48892
593
41753
13651
43630
61734
39816
3950
56293
49038
75610
86850
33853
48985
37945
7994
70066
68426
73836
99598
50031
92613
28148
36830
77253
64838
37140
37285
27618
41006
84761
87109
48111
44349
25003
93110
22292
60075
60056
76586
728
5610
54517
98933
72282
60510
99094
60729
20913
82524
86899
39064
94617
1174
44163
56279
72444
4923
36398
78791
24593
2531
76332
15286
64277
88501
38739
89504
23981
44834
85701
9991
8370
97249
98870
44420
38096
29215
64547
16742
65744
76411
16372
45093
54107
45696
92491
46937
185
68724
20666
17369
23676
81264
51993
98196
29278
39230
34655
83781
21771
9590
36747
76078
96823
76907
30694
97368
2303
99742
18182
43228
40376
19656
13047
48181
86158
31238
61178
18580
96010
91801
89318
55256
24168
68332
86314
27105
45256
673
15142
98865
94559
80766
94970
56154
39664
40294
48270
77199
15002
95123
44633
442
50541
77437
76993
4019
68217
3811
12038
98040
78051
16074
87771
29969
20271
81490
51909
28490
90592
3589
52111
1629
84600
19317
48669
59609
24685
56893
8517
45864
82967
83978
3578
886
47167
88876
4714
46731
91339
82295
58887
41444
88635
17102
20814
78485
92995
65001
35882
58173
88384
19779
86607
11413
43011
43004
15841
31224
28768
17383
79333
11324
95293
66173
15072
94072
12496
86884
82801
31395
76775
5177
37151
8297
44701
10666
12993
67498
98502
70183
66614
59684
21010
50344
57480
63187
97371
92165
57874
4163
73034
73490
17963
73956
2961
47562
46151
22462
2029
26741
65989
6110
82199
4486
81397
83207
82628
78309
66711
32344
30010
48342
32721
58584
50768
19649
90313
44949
8692
51884
96700
20331
29009
78637
58361
3285
87213
63194
5336
97138
64515
90531
65469
71761
4194
60503
77485
16524
68947
74273
80558
19062
25453
25530
74153
24691
40768
59379
23187
83312
57248
1202
13769
50144
30041
45658
77101
3561
46125
78111
95993
19434
72972
69573
67828
39479
82873
60960
54389
90265
42163
73789
76001
34419
71325
77638
94877
3479
4484
33670
62517
27834
40007
22024
39889
63313
76761
15324
41720
58536
83402
73924
70398
90835
78279
61124
46089
55880
57701
34674
41817
79807
4989
32922
41148
83458
25200
79350
78818
52402
50780
73622
99076
12455
15594
68158
79426
50947
29683
4514
62717
67549
19240
95852
6862
68239
3391
85165
56139
10201
31548
38997
45777
69810
91852
82709
22844
7085
80876
56430
38113
97411
36505
89317
7756
9780
74847
57943
75241
10121
81697
95142
26197
53186
71956
74268
60567
9137
26059
72909
80067
40034
23210
68617
20854
11783
27844
29266
20602
32884
45314
72341
70071
73252
66401
65306
31043
29923
88096
97082
93391
45447
9923
46018
28503
36406
12800
92590
97853
17584
22142
13707
81025
7966
76362
98078
74201
67887
68462
95973
81935
45581
37341
42357
64807
9356
25070
52944
86785
6650
43224
30643
21040
28976
79517
34620
30110
77191
40114
84448
98982
35253
31412
3017
10741
31606
91315
62104
96889
68322
91104
63156
61460
92123
15147
47810
8106
67566
81211
19146
11335
59855
5805
91203
74360
91498
92667
52049
28449
41742
67967
97009
27773
84014
96990
46681
14168
34323
31615
33200
18040
62966
56055
18462
15545
80067
69183
28917
13829
31707
26514
62544
95980
20967
73113
39127
29448
40208
28657
19243
38939
39266
33655
55146
355
94095
35382
77446
95133
68465
33641
73782
35951
48010
1106
48369
3800
87343
