94292
22315
63749
38219
96741
15228
5423
1028
6806
10901
57862
17233
73960
5666
12372
94261
78774
29310
908
18106
21449
44685
91736
33784
45364
98066
52731
26593
47970
19861
24743
35326
42104
64550
34364
96927
75189
1046
36913
39918
94931
93066
28576
66545
37270
51231
59681
68116
23578
53749
22331
19058
2892
69236
54208
49607
30579
29965
92855
98675
62496
78830
53058
86945
86157
22536
75129
9409
71301
15445
19071
77727
92396
60989
23175
28382
16109
25191
96514
94132
38385
84615
3014
94220
97529
5685
32434
72867
10342
84757
66347
45224
8191
38238
77422
16101
40008
41630
80388
14734
76102
50271
96814
8133
34678
44603
26661
41903
46061
25825
33497
5388
33451
98722
60290
77880
75816
58838
89415
80471
90101
2261
99066
86544
49097
73847
69536
54158
83566
7073
88374
74478
44803
81780
18029
88113
87800
94880
59542
52926
79023
90531
26806
84516
51259
60959
11772
9468
77948
99541
40285
81170
52215
99916
24632
73841
51205
10270
59036
60831
75067
72503
58336
38987
37451
59019
60584
51671
80692
72177
90080
80935
99295
36489
1448
99569
75454
14550
35284
88137
62074
60067
76210
84025
66788
7204
22262
44886
57147
44188
36908
77530
35844
98711
77859
6519
32195
87818
47065
92239
374
60101
28776
5770
9461
59349
81874
15726
98467
25062
98386
36654
74986
70898
98756
14999
96293
74311
72198
30246
36757
15698
94523
36504
35269
12550
45091
584
58630
94929
67374
87635
67484
43044
87763
1972
31291
70439
74563
7439
25329
6536
46419
32084
45801
253
2543
64946
99954
62859
10225
57884
15620
16818
55482
84676
65577
92271
70501
96911
14258
81290
57096
3538
57688
10751
69170
31941
83135
96784
83708
25854
99747
64759
4917
30221
69279
62439
90702
35015
10006
80144
630
95770
84703
9490
72015
50665
87562
3086
36394
39019
99937
77651
93180
44039
49439
42880
74396
35050
31082
70602
81810
3169
79150
84371
58136
50860
11901
25261
15397
3138
1568
35485
86905
34113
80659
61325
18835
48197
38735
18505
44379
80048
60389
44689
25916
22095
71578
60877
80781
26398
88042
55652
3933
39404
98334
97460
16620
331
51354
21155
38763
62300
87689
33255
37450
64451
90746
59067
63379
88113
24044
26198
96314
12577
26222
1762
42780
34461
58454
36040
79281
51024
44480
88998
15096
45916
31552
47501
35779
83199
44705
18503
96843
17580
79741
82079
92359
27133
7239
61465
31349
12511
97497
92667
2354
61843
59338
91356
13181
96571
54679
82159
41877
15313
41873
87739
17820
98690
18159
91534
32899
43245
23288
80179
43408
5541
29354
78733
32836
44143
9402
15646
27221
96989
4691
66770
53526
51812
86644
53252
86577
40196
34320
39207
28519
62545
76626
81530
75707
92001
64259
93668
8974
15705
28565
88103
89222
17317
49258
96813
32489
80604
58519
69037
87169
39033
54937
44887
10622
75102
34213
66007
12046
64907
4956
92702
8925
84080
51660
80862
28914
47824
3026
40835
79884
15734
6672
11516
68423
16587
77547
36208
2554
89831
20763
5973
81676
65282
52038
89486
7608
31738
70907
605
57787
98251
81621
44066
10748
35862
79178
5142
65657
68395
67898
84664
77577
17684
89152
71434
32361
43420
76464
94035
97554
98005
63453
22215
44143
98983
11026
43642
32042
62173
73254
97175
76916
2421
83047
81632
34112
62605
768
32560
37408
72405
70550
34158
21932
36098
28395
63991
76129
80603
57125
64187
55274
76872
3050
59781
34798
59406
99923
11765
24836
35535
73099
3484
95141
70722
7747
75156
34637
7520
37322
69755
42652
43903
56626
25148
27455
29294
282
8044
70587
47034
67513
51438
5048
9066
41901
44
99370
23265
46834
74706
62682
89002
7723
1872
99306
67066
39016
51210
28351
53238
29354
68609
43281
87369
21534
11370
20245
77902
32326
5503
59123
91878
41177
77801
68022
21660
98436
86074
28820
7703
75785
11371
60686
62615
7073
53650
36179
54753
25842
60388
90278
49072
79693
17348
17679
98904
8157
17678
87531
30531
79798
21468
90938
41330
15582
70803
47824
29922
33850
77645
68630
52941
22389
20647
77453
17983
7923
80665
80296
67884
75190
65492
52059
71938
15225
10050
12184
23828
60122
69118
13503
80757
98543
98289
27905
54316
20432
19355
47033
36269
5825
6257
20903
48196
91758
37336
26683
59046
39895
99696
90980
27491
37382
19647
55340
14306
69409
19000
26104
5531
58619
23995
69800
64732
64141
87872
54398
24099
92741
23136
97550
88567
33632
44026
62059
68932
44588
3862
80179
77889
83367
53138
83933
60425
78137
86011
43374
78896
42948
13599
84907
1431
93251
41501
77650
81829
36457
56171
84055
3885
82937
2583
66304
16759
2145
2413
93859
93356
57587
86408
69717
65546
38821
48215
22164
5480
40062
9374
86594
78129
44497
75502
81151
79142
38229
96119
95316
92131
66375
80229
32474
88417
19807
76293
94951
80784
86833
67174
58279
75723
92152
50018
21308
56540
43882
19360
62610
45035
19337
72170
41767
27083
