46962
37008
52714
88917
24104
34489
89778
66904
62695
40497
82233
11605
47212
93218
31600
27433
79166
11883
92533
85965
64905
11513
66376
35513
11375
57281
99076
99617
2976
21158
92557
14539
63851
65371
10013
81892
17736
69897
20443
13654
96113
49774
68827
65681
48282
19303
48369
42128
47678
8200
28505
93176
60798
82544
80895
35448
70632
17200
77542
66822
35412
90160
63927
41536
47939
67693
47753
81841
83205
49707
9697
9269
91439
78879
89852
15131
42686
694
87230
92071
8912
56948
51939
94776
92653
99380
53740
81307
84476
74564
11260
535
92355
53620
78241
5952
85846
27290
17742
80589
71549
66527
58923
97970
98502
19236
1737
81919
92692
65764
92762
69937
29969
85470
57910
78463
38220
69151
48883
48558
13952
66445
97365
8640
38447
9161
16914
37818
637
83899
29284
15395
82952
6641
20522
42384
98024
53969
96273
73417
97643
71821
88615
18711
81802
41323
70565
6884
95710
99777
67731
16695
78407
69183
66636
5103
69162
50282
59523
89340
2321
63918
81282
8792
36479
77366
86984
23328
64948
15526
80439
84251
72877
75466
50915
42131
77830
78653
26838
97124
38596
10029
42108
859
16167
12589
36987
13769
40004
15418
73221
47742
94446
6933
71095
33724
90539
79822
82232
4435
54338
47237
41936
80183
19338
83480
43817
2941
18267
24505
27273
90509
23444
62399
50744
92292
21810
80422
92625
23890
40379
73215
83323
49530
42304
32696
89805
65944
4370
17191
51592
98008
96420
22402
42785
91358
68092
61924
81520
32686
68771
34046
95501
15499
88145
82711
24297
32047
56188
78802
11913
10116
87196
58342
64056
81122
63914
92406
37878
86641
93675
77873
98570
1076
72913
29264
94088
1042
19613
59385
24200
59886
98902
59938
55118
6333
77714
67824
61385
59593
8399
57757
9755
25568
5277
41476
10811
38078
58346
61663
27444
75685
24045
94878
39011
90898
35475
94424
42585
58880
88623
23254
12433
96802
54602
52027
11213
27258
3224
57723
3408
96089
31021
78285
78242
35917
68117
73002
95799
31437
18453
56010
42695
57949
31941
48514
35840
4024
20927
64219
70857
83289
25238
2504
70969
85144
45323
12952
70966
53249
30262
83553
34853
623
58255
31355
44664
45759
16636
3094
22780
62473
98625
11148
40426
32612
80558
54484
64861
6087
16187
7189
6330
39004
86865
20119
70850
28516
7315
93097
90593
55165
2035
42549
1174
34899
21156
42072
99694
586
3850
90080
87387
17833
41438
8384
84663
14090
62078
38357
4586
90839
48091
64878
37062
23072
77222
95849
13757
38135
60504
16147
38443
23539
12500
67615
60437
56075
9973
5526
11455
38486
54789
64274
2237
26106
19801
88497
97566
78481
35455
56760
66438
68958
88510
99753
7073
37157
5487
78101
57677
25307
28315
61558
40082
87702
51636
63848
5332
73822
47946
28587
4116
56551
26901
66100
36050
83816
62641
10955
3271
88724
98282
35276
2680
3744
49708
69485
35028
12747
60542
23280
50588
31871
47849
86148
10171
93230
24192
14535
74469
55953
83165
23744
30534
6867
52643
9887
42056
22410
63702
23256
74516
94531
74830
68952
27024
93038
58878
36337
37993
82151
28820
92584
13279
24666
77999
72244
8701
40753
55929
42820
59624
48105
36485
47318
5559
74538
4741
95812
51100
39821
