12617
49045
37285
48764
56056
57041
78897
59123
17132
34351
87854
76541
92318
27132
90581
10464
5868
28868
80398
1185
1303
66481
20881
63632
26410
58046
27512
63393
52486
88297
63066
85237
98171
54722
16203
43539
75994
75901
21942
15203
29804
81629
38796
8469
71769
71564
44166
20185
14977
64074
98872
66943
70701
38635
26124
46135
28163
73652
22354
98010
29528
15503
6636
28834
71285
2617
78369
37596
10929
47042
34469
29967
6926
65195
71380
19673
27684
12412
91863
54846
13879
7326
48415
88412
89425
96122
14535
59535
28597
70067
15375
2341
53547
23932
85674
14301
74992
9962
37183
69152
93194
6570
9256
67935
29604
68905
60017
5506
67255
6450
18450
15750
81789
67508
84130
22202
67088
18224
39408
75162
88081
18833
8998
40861
31666
32128
76420
82994
79520
57079
44680
17722
75229
22710
61651
7308
98070
80480
58807
20520
36105
9029
92280
22146
51617
99625
20551
86039
39801
63472
47212
56768
70553
62020
81071
74360
97572
68394
36269
97476
92485
77022
25985
10175
61769
727
40520
59078
5856
76821
24131
86608
59417
18888
39057
79051
26552
86851
89243
32040
11576
90380
43192
16048
9866
87912
47168
13208
41639
87291
9736
29675
44210
61331
28035
59082
83043
82105
60376
50889
59104
61472
80182
62979
39340
60604
97351
51664
22963
2019
47807
10720
79151
4228
85899
2104
33830
9937
308
73857
53559
27312
17439
18564
67085
94456
42397
98085
90853
79974
96008
44447
26474
38354
72935
50103
10198
80212
76708
49262
90561
95503
90245
39620
39483
99015
50524
39981
75431
25931
25252
73106
81797
86519
97330
31792
44033
61617
95894
44883
18207
99265
60811
42988
6010
3360
84246
40796
31292
35795
91905
53617
33229
51046
83295
58055
37066
77818
79080
68069
43932
2415
22654
64922
54722
22902
62649
39954
41023
41143
6070
48580
84318
31824
31054
91296
34692
47257
33609
36123
14769
9727
8688
39635
34025
71634
39876
30750
3224
39275
94726
66215
82536
27824
951
15791
76610
95889
88266
83108
40710
44291
99773
90149
29725
43325
69299
1405
19991
91998
23363
89808
44208
42957
53300
34204
93726
83018
30896
83087
83025
31899
36730
1748
46416
39855
