20833
44177
43800
28111
70448
88743
88974
65946
93467
72933
24110
5497
34109
88178
34067
77268
5518
38151
42572
78175
91591
98982
29767
91846
18537
99657
40580
12422
73882
86442
4926
59093
86363
66310
72579
14515
89358
29094
19444
85128
6201
55930
77002
42780
57764
87586
25510
61429
49542
49641
30533
56163
760
15587
54212
21851
14410
51954
9573
70791
48163
76551
92063
7025
68006
65016
19133
67799
15599
19552
87909
76423
18706
57443
71974
35660
21980
86987
34082
30951
74147
79150
62880
24240
55908
48763
58332
70775
12097
50727
104
37404
19521
48653
36965
29649
63867
69976
74773
92747
68452
57710
45829
29990
61732
54110
37457
43317
43613
18552
99870
27423
17871
78622
96644
69012
13671
67822
51117
19243
6683
48357
55702
64871
19447
50504
56902
70052
20478
42324
71792
52003
12213
41335
62498
16436
33320
32890
62508
1798
11305
15015
27162
93545
50857
72681
19533
40899
52009
67952
15978
96044
18859
55529
86063
20094
2008
80958
10542
11227
97207
67404
22839
1288
46759
47867
15209
76535
16124
80207
35692
80781
5313
49318
7937
91668
21195
62156
14014
46766
30971
16002
18043
52525
26346
75748
33144
56683
55271
42403
14427
52362
22347
51281
4590
43901
92176
25874
46785
2990
57471
42997
24774
71801
32260
35197
90730
69540
47592
94395
98899
39851
66943
63776
80256
81205
49360
70313
74941
71010
14722
58525
21264
73721
65780
83329
58433
54032
44728
64036
99492
95320
15370
11024
89294
87973
91227
46242
20265
91149
85017
63603
9091
60876
43503
74575
85419
58571
71025
23385
94540
21862
50933
75774
88267
98945
21733
51053
6020
48931
76763
36698
24812
83555
94903
3579
24480
55918
74481
92282
89977
3117
50048
83792
85993
51118
49433
60388
30217
91204
97909
99861
83007
21343
69495
77629
44387
39595
22757
90348
66239
40173
40221
71334
14385
48319
38791
25536
65973
39924
50094
29500
84089
78742
33408
91423
71814
67140
89781
37148
49512
61345
20836
14816
51021
76901
53691
3469
14060
17273
59191
84885
33161
84133
26042
49803
62896
78713
69407
37673
12327
23897
94414
90293
41109
68409
15772
4264
87934
78072
5815
77247
49814
85608
40836
4894
19337
25404
20313
37483
94628
35322
11475
48699
80732
65209
96338
99956
52699
83605
28527
93100
97732
52108
24821
25614
66930
30542
73707
82611
61129
49426
15534
35988
11458
81944
35070
47553
43296
21148
30465
37491
58400
31924
43045
77004
12421
45715
9561
75899
72070
15815
51564
4329
49544
12714
79514
97706
60787
15221
37964
88794
51697
37701
76353
45201
19788
75487
37241
98787
30139
48785
56659
31551
53139
91036
34699
65808
9062
47816
13192
21215
20981
97808
10541
45314
97861
11204
86443
98744
2430
37364
86766
28074
83184
41670
85793
20699
55570
97843
57216
36934
8473
10773
45760
23285
59155
20013
51189
58508
78014
13705
88643
12970
2029
16748
67813
53889
27160
31039
47339
8583
89044
38497
96357
92774
62018
28584
48366
11469
5242
14000
10237
11218
90600
76258
12741
10208
52048
87255
86158
77848
60014
27934
20729
88724
48721
73796
26045
66435
73857
31904
93539
24531
50504
48633
47890
69976
14415
52986
61266
30571
71646
39720
53266
64014
3468
77424
22369
25771
4006
57604
