39904
44881
69491
48568
61109
17767
7633
44052
88222
2539
81930
37611
73337
20460
85705
60714
41967
28368
42765
95792
99061
25989
55587
6201
20293
74668
56715
85256
71297
51426
274
62428
16253
30063
53635
79650
81012
64
86780
52208
6782
8933
73043
28031
89715
2109
79928
43553
17762
16709
80402
97402
61241
61811
2779
13915
89294
63289
28274
86441
61052
22376
72755
36796
2264
19502
21358
43274
66825
6055
79701
41902
41588
90556
89010
90128
52945
27555
16485
18184
94739
13161
67494
54587
71023
2871
1187
54441
27284
39719
90356
17723
71789
338
91156
84405
36178
36247
25766
70213
80751
36653
76728
11706
37007
38499
55814
70685
72801
12650
60970
61738
46804
10090
91702
47890
