18167
65772
99393
18315
66916
15990
27105
15699
61978
70113
41249
99400
4604
53949
16698
1788
46272
37432
58085
36433
55787
17580
32524
47057
30501
81640
14633
78749
28617
70919
61699
8636
43265
29523
18011
70474
26373
51898
13835
20663
49622
96007
75029
68386
14564
71285
68196
58700
44271
59950
532
72657
33616
11456
99095
587
33248
52335
87813
85275
1356
48356
87082
91059
8413
32613
56134
75081
35938
46224
75414
94373
23597
37422
86811
59780
42550
64138
32492
59216
13444
55932
34477
68666
70387
89042
75020
31808
30428
17423
37225
74037
64085
28559
19306
1266
8925
83969
59972
81951
15150
93115
22761
98047
84536
6158
49059
96194
24645
39315
58036
69110
19843
28596
71831
45424
13878
18415
20672
19371
57593
24325
44652
18514
8998
1376
30288
95038
18115
85545
50854
58580
4165
50540
44065
20328
33170
36430
84130
64228
39982
78826
7163
91113
59387
68114
54194
35488
56728
73882
87387
90509
63297
40600
24358
90825
48462
4247
89048
83159
75870
54021
78078
39100
88460
99455
64944
69303
84530
51502
12253
77447
34285
56443
79389
78767
17162
53539
59127
40883
47182
94799
38310
44232
98157
60345
95283
63565
26182
53240
71866
28923
47382
970
88358
85961
747
68062
2652
59932
3170
84890
50957
5226
61629
9940
56224
6853
61211
45591
73663
94922
45119
48164
35977
81070
15710
33845
40942
28115
4172
1379
43121
31290
79636
83329
30065
33315
68085
93427
78019
49099
50886
99195
37713
62291
43842
33084
82603
88217
4121
88429
2354
80590
79577
76943
83804
99217
64992
7288
70250
66901
27120
74537
55760
1791
41769
19667
25590
78299
79874
22908
38768
67783
67571
24563
44036
45924
10451
73685
37228
82626
51242
52725
23993
15742
99024
62530
51712
2692
99525
30848
68322
60797
23177
11118
21978
76348
43435
35922
20522
24174
7494
4304
8342
81212
49660
34570
13019
55013
32907
37879
88765
91307
70059
87623
15659
74394
50544
40017
2766
79239
67954
22897
78773
49026
54586
77971
44606
56453
2584
67687
2488
74528
53163
13053
75132
46938
44382
42781
66081
64454
49510
96699
69785
61645
42082
77015
90737
35553
95458
47584
25804
3418
33156
41282
56220
84596
25530
59316
26626
71689
89964
56566
52428
65219
35391
14236
38143
57006
12490
68721
30012
7762
73935
38312
29728
71254
53111
17128
6943
77570
87233
9052
60994
55000
41883
99070
41372
11880
56832
90536
21408
85066
16154
94392
74489
92944
44270
4566
26254
27845
38871
33730
23062
26737
17572
18041
29482
94844
11553
84965
31484
8402
52372
49055
84455
80911
95571
97427
23336
36320
72864
26262
173
21954
47312
44946
91607
79543
63822
36784
26983
48545
90873
79098
38698
53503
85989
34256
37428
23841
69588
46528
327
71867
59051
13005
32693
67099
9936
93577
97372
46843
81229
89934
54981
12609
33556
1108
79424
72626
26433
49939
31021
74768
57981
82939
17528
73274
10356
30952
94921
61315
59999
99495
66732
26335
25935
28306
62902
34307
12252
24508
69606
70245
39412
80140
67315
938
24116
26089
19946
84881
54831
64802
97407
19648
15507
25558
13885
76111
95477
59418
56742
78983
98655
36057
86844
81734
23202
28645
86673
5249
38205
45117
60373
1925
80332
60776
35356
77841
15623
16590
49158
84267
11006
10040
6483
95196
2087
47083
10828
377
14421
86790
38830
52834
67766
90622
71589
3355
93296
85580
77736
95470
39416
14696
46675
9714
4429
95482
39315
54731
90201
36044
60488
78886
10259
72474
67977
88614
29573
91647
79647
76118
17817
86296
90828
51414
6287
7538
34158
89710
89186
32001
84544
30043
38853
53687
44850
96310
63365
96769
90766
6605
7767
56097
10175
78377
26302
59943
42574
95292
22645
82974
73781
1648
5933
1617
77653
53120
23867
