3426
96891
61324
49605
65544
58200
51499
30444
40033
56572
27623
71667
25249
32804
881
73042
68351
61720
76120
12451
25111
46344
64963
38866
67065
6211
58219
82896
24109
37235
76033
91730
72442
68104
93342
93875
45281
58162
90552
51975
26877
95858
19909
86002
67668
50977
57724
40976
767
32891
33266
15933
76999
11416
70148
57081
31927
22458
82540
59332
99980
68603
6334
2797
80538
35893
99225
57145
39462
7005
27760
10189
71167
24145
85574
29253
26435
78960
71198
16087
48486
17242
82128
91218
3969
60099
14731
61026
97955
36260
61947
22823
75622
31219
51994
58273
89523
17112
5463
31775
51752
579
1514
93761
5130
23077
44766
52854
25842
40894
30646
52966
51259
66452
10845
82737
86474
15116
98827
20438
21161
38198
59189
3201
45057
4937
34567
39947
72150
27300
39730
9322
73497
39422
64335
47907
15728
88366
86088
80892
15333
61876
35184
57060
5613
8981
71563
9169
20374
69256
71799
74407
18284
85024
10613
13553
41389
98313
48704
192
88509
4818
80703
98541
1164
21323
79469
11837
2116
62938
67009
98107
29027
17935
5105
59285
3014
2129
97587
36076
33374
25397
19573
2893
55500
65323
91038
88472
28809
50782
6517
17415
39662
85896
92382
10514
81172
36642
55896
84290
29511
59725
7052
57435
2247
73691
45379
348
79919
51327
10538
39260
725
12627
66817
63112
85245
77810
43040
35840
30285
90996
83027
51334
56420
49594
58445
43131
25552
94590
78112
66372
46232
13297
6564
73648
18344
62137
646
81809
19944
90689
8553
77481
40243
67257
16689
27035
19078
29270
25269
3362
93601
20056
54004
38515
76698
55718
1015
52653
15246
2247
74796
85328
73215
44166
93027
87428
6062
93168
44767
23108
77163
61231
15896
39595
82442
5545
11091
89162
32904
31410
24053
96282
69321
74749
72771
26176
59292
68049
96950
62626
61121
47992
66563
17696
15893
23224
4266
96077
74229
29261
20972
25909
84502
2160
26198
32369
4160
14409
56072
71152
44626
11852
19748
83835
78194
78513
16007
98465
71395
66851
28135
38013
96218
82141
61986
29170
94668
98199
23701
59218
1279
15014
14933
3643
10437
98143
11780
67160
48550
40401
22015
44882
11977
25797
17999
49269
28244
82727
39502
37380
7216
5800
24682
7378
1125
82959
29691
2360
40173
97028
37701
5960
90708
96853
69873
29612
96919
16105
73398
80051
66732
48846
49914
30993
44835
83252
26035
70420
64141
12717
926
11940
58697
86320
52001
95478
90332
7555
2517
27478
68451
9420
26987
51522
2699
16055
54174
15123
55924
88387
52350
12138
9329
59450
70647
58370
55886
93688
62542
17872
56923
59270
38218
27456
96101
25761
47263
4387
44852
74394
39280
89363
13587
45919
11599
57312
21859
98391
28294
28780
29078
10912
14496
75754
60366
88787
2611
99246
15672
93631
39592
96644
45012
84645
70555
9181
71201
99530
55421
76937
68791
49787
70270
81529
49107
62986
98551
63409
47851
13335
36510
57494
65393
33762
88794
46010
44773
62464
67090
7313
23149
48017
88714
51221
34801
42636
44351
28942
75363
2418
86110
22329
42970
51356
59988
79290
40642
32967
26646
97380
90236
39201
51394
2337
57120
82098
31250
11250
95851
24545
64407
8736
32440
48107
53788
20774
61073
19049
46727
6471
18635
69609
88046
45433
27224
14181
14523
14036
73773
9503
5368
11806
35817
69709
17077
83948
96622
86376
94101
52702
11385
33101
33090
50818
38010
77374
89889
94863
97568
39214
18217
21593
86239
20175
78745
20627
51155
5961
75112
42939
67575
17214
37476
86347
19177
52600
72918
62730
31029
69839
24151
74696
24948
94024
95086
85533
36518
37227
7422
49850
24291
19659
16467
34558
91286
83775
25567
15642
90964
96450
32793
90660
11264
51161
85127
94170
95624
46743
31641
85410
4455
27159
63833
27728
15062
43520
96644
92214
25089
93211
84108
13927
98539
25262
18647
47915
746
2918
95061
35401
27033
57276
71765
34579
37046
33490
63432
73786
8897
915
89909
89775
5586
22012
45394
97132
55825
88738
19496
47765
87130
33352
90553
97753
12341
18865
92121
86001
32514
37211
93423
92706
51681
96239
58376
47179
55394
29254
90681
81571
80088
22858
83317
24173
3301
94333
8340
76526
79867
21514
92089
12007
83421
47295
48271
93680
66723
74011
22238
18181
41368
77430
41271
71685
7491
97203
38093
9346
63635
98215
41738
26571
98057
37924
67677
64271
50035
66379
94451
18007
10524
15595
6133
10999
45121
81416
9284
4385
47968
64695
80456
81382
7016
72500
40202
2657
81587
11631
16682
6098
56240
98994
12891
81652
79776
65518
13950
45497
79618
84000
43645
343
79559
4230
7656
25773
71296
30271
26563
26075
87919
33707
61378
98940
17758
60355
19554
25556
97721
65019
82683
38403
49696
88353
61767
11530
2703
24481
31223
79603
67465
63786
24766
63967
21050
80112
1822
2786
64843
14429
31360
51315
85068
90607
18179
22532
37615
13950
63893
19421
45964
88394
47776
14599
1316
5241
50646
91206
42462
96126
23069
46815
99048
46960
58609
24132
8940
97410
77889
37646
58532
16768
60712
83292
33658
31367
53335
59089
70174
39235
73914
88752
60588
11802
33639
79071
16010
10167
62651
15808
29465
10616
60323
68717
91359
84545
52267
38108
31997
94047
13591
40204
36061
26247
60888
29195
27681
64484
80940
69948
51906
91556
21032
3226
22211
34316
86227
87246
13320
79538
8121
98773
34759
62080
8180
47916
56444
91994
91933
49112
79100
15226
27092
76127
25644
33710
52691
34340
50913
4443
51390
51526
29226
92703
63902
37908
89584
57096
46506
57042
98318
65020
24787
52458
85925
14817
5445
73980
18066
12971
72750
35686
72550
31827
90847
36679
64464
44905
77582
88501
81625
51886
36332
8877
28148
56595
69547
42055
98178
70271
58332
99348
45488
34890
50794
14079
90439
74634
90201
10826
28264
78711
16274
37941
31693
15703
78975
97398
1855
27223
73444
44679
79513
58005
75416
46432
28688
15910
24309
29329
45270
63390
75802
47795
54639
73402
90198
37659
81033
76768
46239
89829
54703
66756
60236
2913
35612
98390
77183
12444
77620
72148
40200
70954
96826
