19834
87482
59474
4362
85391
74529
50324
60872
65555
64874
2908
68478
83302
58291
25505
41315
16365
25087
80983
83615
89975
12757
97768
72502
10819
30297
38726
11864
51709
73121
23190
4847
50968
40986
53568
2715
78185
76671
91376
71710
39505
93830
1200
95362
5
67133
15088
18892
86939
36304
55783
15112
89971
13211
23677
7076
89713
86971
93542
55093
35803
38459
9162
92433
41683
98061
17509
42316
4723
22789
63129
39693
33710
9272
44109
96144
11557
2406
72497
43686
15209
19833
24925
15404
17338
8077
14876
37757
17308
46491
13001
91214
83128
36283
35907
1045
84668
8766
53678
1943
49623
72772
14169
64149
73174
16089
81402
80698
69101
27532
95519
87307
14473
49856
39884
15969
13534
93757
75095
33606
83184
79752
25007
58231
9788
71914
56565
97427
73365
43064
11476
2790
48727
70553
94062
42436
5663
60775
42229
1248
26675
34177
68656
89776
50971
25694
76741
33272
96398
19937
87511
90910
33670
20072
18758
69871
47765
55937
54361
1260
59524
83974
7332
26037
16056
92729
38579
43919
55794
97448
10305
52758
51527
73847
6931
49006
11096
35231
7259
84093
95173
23293
1029
53427
55552
20566
69119
28655
51795
24190
94671
49725
6414
40969
41724
42700
26845
42618
73720
58242
87114
32822
77477
98950
9632
34753
39382
59823
13141
69751
58775
12534
48678
70267
6086
36230
82945
53904
70484
95489
23609
9924
