31603
2776
60579
46343
10558
32123
64230
22161
68477
61511
49017
96978
62350
45815
2079
43795
20798
81184
9296
15514
82043
65415
82137
1047
36146
34882
5493
59755
72940
72133
78230
34633
77190
40698
45874
96173
49052
88409
28824
27699
48910
47590
90297
51023
99661
73289
43736
90415
80866
10109
49686
14305
14313
94409
10081
66188
20639
59532
10197
75675
26630
4475
49221
96343
83280
14383
19787
21652
99941
5905
94743
32388
52360
81596
66603
34453
75117
31114
1386
62857
91146
15077
78889
62831
22447
63924
20320
82781
30617
79685
75534
89519
78212
53148
1069
44435
98368
93954
67742
85277
53501
22083
90474
74960
15365
17297
61945
32716
27805
75628
91071
89525
58145
47339
84528
11553
25585
86390
73895
19355
94063
37006
91035
20255
30371
5223
54175
99211
80527
22168
36084
81162
63371
16109
9355
69063
24602
3928
47465
5150
1979
87603
54975
54989
88614
86009
31374
30872
68620
89516
18849
11978
20058
48386
91213
16495
31047
70219
44588
10141
63121
62734
52189
5637
39543
9908
26153
42036
37984
15465
86950
21657
38924
68745
17376
6459
82031
36046
31640
44362
73849
23303
30590
91010
3318
24105
61104
14985
24895
92860
38015
54383
59339
37323
42029
39245
35414
49337
15445
78706
59855
89337
92888
53155
2566
97192
73053
51313
31010
84753
34464
95000
38579
226
36291
39818
32143
61178
2319
15437
48803
11168
17140
45124
77449
32566
62317
1600
26715
78130
71045
32693
20601
52933
84506
84511
30414
77435
88444
6125
51052
9791
83974
40141
58395
43014
15804
59113
1032
2211
7101
74236
47017
7
29902
48687
72197
47763
75706
69999
34874
71452
24597
52879
13708
1770
74399
85645
15720
51779
9403
54707
72733
96193
64385
39012
27193
76998
86728
34434
16762
3204
568
24504
71028
96809
85675
20593
23030
35818
12314
82650
1729
18444
71250
79599
85193
31095
26433
56625
68615
30159
43392
49252
92807
52394
1502
50823
35622
90890
21494
95199
61034
41272
53237
31670
70883
93
81850
16899
16094
53805
62614
79901
39465
26752
52978
54289
24943
84785
53818
96097
50565
30103
65818
86603
59811
51316
31696
18634
95306
34852
84971
32140
14323
17115
21616
60457
65207
39580
8715
85100
49244
9533
40530
14809
67544
63491
9787
66055
99415
47212
25880
50836
37071
25396
44633
30930
75453
66634
71858
19567
68396
63215
21592
81242
68834
30474
65577
22350
5136
92521
89081
85362
76069
68718
46853
41031
89573
51008
19058
96320
41528
65641
19219
48093
8971
34134
95068
88927
72481
90685
85003
98572
67722
89147
16703
86029
87940
59287
45975
37070
97913
87437
60918
6894
58131
40518
74767
68353
78543
3601
41357
24444
47576
75537
78039
2755
43996
73498
72271
34699
35406
76650
49868
14451
7517
90509
17639
86921
52014
60823
53091
30286
5033
81988
98407
54091
4722
12324
89962
68452
59367
26714
10383
68879
49327
60559
50996
92184
11108
13947
42032
14442
87016
11276
1664
21263
37568
46467
99377
67621
22878
87845
16338
17719
50510
11071
19411
65588
77130
23947
98033
31672
83535
3818
75331
8691
66266
80989
65123
46957
39512
25455
75812
38067
18791
38649
43269
93756
80323
77143
16522
58255
12947
22340
45573
71521
10376
92664
18368
38256
41148
85408
15054
87161
15914
10360
30906
83197
35944
92972
54996
56579
81343
52419
28109
97423
12032
78271
98928
11861
67801
25654
85264
99986
7424
39778
18724
61194
58244
3809
98315
73602
62620
26867
5809
54104
10401
88651
22152
8431
7742
60072
57811
87351
22146
59943
76911
60527
94231
48150
59488
32104
93736
6506
70455
15494
144
15067
79736
76136
91635
69711
24952
32135
94657
81394
93959
54476
46610
74005
87022
23381
56118
90496
4118
7729
67842
97912
77839
47481
62866
58197
66963
10094
44320
66210
79865
56113
56412
90314
53959
95333
8914
46016
16795
38031
35119
25676
92693
40752
65983
22434
13917
20226
61127
36107
75986
3239
2388
62725
47651
2231
37227
32255
13269
33437
2747
14858
87814
28446
1528
37845
98064
56295
20045
91688
14466
10101
73700
66087
72609
42165
5219
37087
81497
40432
44280
46737
48966
8213
90224
76626
53725
93686
42663
51728
58106
76659
32747
83358
35283
20260
37862
64247
39223
28137
24370
57621
180
69439
21640
65884
29538
36301
90115
5486
97012
139
50757
72837
89157
56010
65892
79600
38222
24902
84120
4377
13632
68317
33581
37807
77354
90342
30803
52349
4303
40972
97864
53359
16061
86658
46556
79527
86572
24340
47087
17423
3570
37177
54715
57967
25901
59909
94200
79272
54368
58261
26024
14320
44017
19992
43989
31863
35857
83833
88529
39195
5498
37766
1182
56040
2274
97398
56775
2498
9454
86364
93028
13882
77814
66697
807
76455
13601
75614
11905
17444
96142
51530
97981
46041
14947
83543
9342
96069
42669
14693
43669
2739
35810
7892
11925
65804
35994
98675
55692
28503
3134
91701
69818
68003
65233
12142
36506
77320
19185
67533
18261
60243
71928
71085
43053
53967
39785
55140
41092
18731
88055
60706
59829
94761
42695
90289
78071
69922
54771
35003
40460
14925
19921
83401
14310
4440
81711
29977
80808
2804
47036
32022
76884
75136
96431
83426
30810
64725
64838
57958
26018
80853
57583
36961
40447
42427
31872
75057
25308
74944
34071
66584
22548
84181
27072
3335
40321
88526
56774
38612
72255
9807
74332
38287
71694
56033
83822
84693
98329
59269
59478
13346
5084
96813
8984
59607
57342
82960
42954
71882
72568
6654
4669
5864
68733
80452
9473
92702
48063
93095
43104
42284
7950
26225
85702
16211
6521
19295
65266
84413
58605
47179
76727
66038
15466
20725
61500
25735
75197
67465
45993
57361
45571
84891
66044
65601
5137
68467
69554
91241
46560
91120
36629
5233
16164
17193
5395
78858
11110
92772
53085
38046
17693
58540
13277
25389
29927
38630
90398
48008
18952
83737
17504
80597
47102
85742
96712
23058
60181
