21310
11553
71180
21595
53625
77138
19066
62971
86135
94859
42355
38656
75746
4579
89248
43470
21960
28772
33033
1648
71210
82581
21592
32024
54644
83350
50249
67853
17413
19092
96309
29830
51981
40344
7613
42750
87633
56038
81690
43206
41162
93858
10136
10994
7003
87189
28535
27557
43564
92041
53972
61907
64612
49854
79829
38729
89960
39155
66950
70274
26889
51212
45557
67042
98550
12525
86675
35401
96965
46498
55836
65921
47081
89827
60485
77351
72445
10598
25021
67454
54815
22691
24289
25371
65120
34402
65217
2127
60515
68884
52789
48477
89088
11416
16316
89949
48301
43093
12443
94478
514
93133
30591
97065
36205
88051
14825
74784
89368
2478
66284
79362
14134
99495
15459
4197
26923
20185
1921
64148
47307
84547
74886
28081
93709
7358
76833
35665
73511
70535
29050
29351
98154
30543
66940
61681
92100
27223
89166
77069
19576
90432
12758
58036
2600
73426
34343
89592
95956
12118
63026
28115
41172
48295
47170
15966
18246
2509
3356
28846
11218
79159
1273
18833
73427
36932
81208
83590
32555
53777
12097
99699
31018
24852
44571
56874
71789
16849
25481
20282
73014
87240
39709
61392
7508
934
88178
49858
83372
50973
43435
89591
23867
60320
65850
40417
89159
93924
84608
65667
92218
50753
57036
42178
21
63326
97096
16319
3724
90296
44177
1396
77028
83074
55831
23977
39450
39880
11324
72493
48754
31349
217
81582
10342
22505
75832
70698
59001
4154
67715
77864
32241
59813
28063
22261
30204
97530
61371
44182
3838
71859
46134
93076
6796
42038
12562
40792
4489
41873
966
49278
82599
12115
16913
60869
50536
75454
31836
77515
87493
26398
57317
99569
22581
66312
69155
17214
55010
33570
93773
41920
78509
67142
68654
76894
85214
7140
74785
68303
9943
35040
66208
17128
3187
18436
95264
20125
42900
67194
71725
54750
65693
83855
56688
77440
14541
46564
70495
40484
72883
95347
85782
70919
48099
59046
70768
15457
43461
40018
75654
43395
668
63532
67572
52453
60189
40188
96381
4144
71047
49030
74314
87815
61844
39023
76226
94654
10453
91214
62353
38649
36644
34301
95420
14595
49257
95289
69028
44141
47667
79807
76663
2881
91539
28329
54081
2161
16283
4235
17250
74352
50183
66351
69436
23852
21033
97966
9074
9076
82820
76114
5003
52246
77665
37005
6750
66366
68112
52976
3196
64900
71159
52240
56476
91239
72366
71432
96275
33514
84941
74065
78370
6218
73964
88000
88466
70293
64864
71567
93562
51290
86215
59952
61321
71553
74804
24417
25216
54534
21579
87715
34048
63307
1038
52350
3192
97943
9874
78197
51486
49600
1690
75559
24135
8755
97743
98784
78282
89664
48538
36456
1501
96545
59413
51905
78684
11207
90918
84923
16435
47949
46215
41741
11935
97225
40016
15063
5179
21613
84807
90523
60419
86667
20081
43961
49599
10655
35816
52566
73809
76019
46134
35551
5995
85122
86213
37503
3893
49133
73665
91985
7024
24950
61761
3537
3385
59949
63623
26909
68738
82680
93604
56668
4857
58015
76037
14833
76464
15451
2305
68029
75391
38352
11114
40416
1814
10664
35745
26813
11012
2513
11169
56046
47948
92822
83499
35468
24906
16543
40576
89650
47031
8906
83827
91128
82414
89466
30694
47980
9084
71379
61039
88442
46827
5635
16593
68671
13836
21345
1722
92720
24204
36810
15897
66225
71511
37557
8720
12034
74516
40569
89927
59920
74875
12655
20997
66484
54524
19985
58001
12347
79969
87764
17729
39632
41474
22727
9219
42312
76228
14827
21631
3561
14820
47855
65446
10221
93009
