19617
44856
80746
18660
73464
68514
81452
1118
13566
34171
84638
50109
14147
93850
63343
89374
12751
36439
19081
76264
24750
48783
28338
66407
35805
59688
18938
86366
45099
27019
47209
10776
73474
36921
368
13144
31601
61309
14300
49214
58180
40355
9160
75047
57674
26119
680
27780
40217
25445
35104
29006
91140
16745
92852
70833
16518
14338
82855
13775
49576
95086
56019
86547
86961
73862
76634
77225
93482
50199
57773
51442
22138
69866
18083
84394
39623
53290
8733
9686
59008
91157
46148
19653
91915
18203
19635
56729
44069
29534
96626
17262
78453
524
99638
63094
84336
22613
88085
83811
49484
23455
34297
90018
67672
83661
6867
21273
98661
8457
31210
63227
5605
73169
54767
58418
48937
36365
94631
68758
54226
19905
33155
63947
53573
40510
72988
21614
70228
54988
58
17010
65204
24921
60201
35553
56859
56130
51980
8253
11335
98361
58067
35612
98324
33398
11657
5284
45757
41219
14156
47970
27981
19326
29585
29578
90300
70350
36444
27162
10673
85253
51045
43672
8398
14199
98022
80684
12967
19214
1559
92807
84384
86378
57423
55865
61837
97542
65623
20174
28853
67703
75857
29009
40831
52087
89028
45877
95336
30622
45252
86509
19685
24818
97580
26081
47316
14394
27214
84124
35375
30973
92317
26543
39659
21349
63586
41602
61903
73719
67740
92757
4726
16269
98309
42969
9396
22035
2840
56311
25170
52144
85347
82344
73961
15049
73121
59566
88798
31341
8548
47443
70328
81498
84799
97879
75386
49313
89349
19482
88501
47426
83974
21616
62881
52494
81782
3415
26509
54610
16685
25280
11553
70902
58954
83231
45625
9972
