24610
48227
4019
52804
30561
65171
20297
22429
23228
31470
429
67583
60082
32686
83358
67809
77744
68169
63731
19462
21466
33267
69706
33057
34187
14656
83268
35889
99425
22543
1567
52254
65413
96732
64739
71254
84481
94621
53413
56445
42583
30065
58553
71944
26079
87027
56602
92593
28195
3093
81209
15061
81894
90510
31115
91342
78521
70962
18617
15905
81902
84408
23004
684
29902
48175
2169
63350
67947
12104
83328
83123
14756
7286
76878
91401
74713
97761
6977
47159
58053
90674
7694
96332
41334
86506
70360
74903
65616
73396
92732
13519
76003
37507
74542
58175
7060
57868
42041
77904
84857
93252
24646
16090
19765
98085
304
74607
13631
39714
16629
80760
63984
71457
57851
91228
76714
26672
59350
43396
77815
27266
97733
94551
19371
69808
7120
77248
32744
18703
84340
16844
55719
29073
62302
64800
66028
91603
76567
43248
86202
95752
61272
25902
56766
11972
49534
4545
79656
83313
81461
80387
98518
98645
89
57590
95519
30095
96719
49956
90965
23055
41863
94927
55373
99784
25041
34911
9155
93050
25200
85110
50105
16102
57194
82063
65994
71830
37784
7399
20274
2574
97592
49430
37242
3953
18326
57073
28984
4711
69281
35932
94883
26610
52282
63146
53888
66344
70529
56982
86930
14622
95390
86605
58113
96350
30281
82416
41450
18025
91596
23688
92311
89320
29682
88391
25462
92433
57685
51419
81457
67967
5927
4443
23769
89267
90227
23494
63819
94048
28174
99650
1301
80802
20468
5651
7184
10987
91316
40892
73671
35910
15622
10958
13115
45593
43621
5563
96928
63891
37683
61454
8658
19109
75524
18963
8695
90946
62836
68846
6123
6786
18597
47402
89850
91946
22386
11508
68852
24030
81206
14475
1116
16793
77748
45547
52345
94969
91328
78176
45645
84663
26566
99927
56364
66720
90991
82192
5277
1505
96956
16238
48150
22470
34768
66884
17313
68219
21107
21168
23206
32112
36710
72897
82685
23207
60338
91865
41360
29977
66618
13725
99617
84659
23200
21459
80220
18669
91038
23130
955
40194
6231
67347
27074
64967
66324
78645
82024
10863
28233
84125
73862
70159
54969
13532
47952
53668
17241
33156
6381
99125
40831
75300
34886
83230
16621
63490
99270
13309
86664
98643
77181
97976
20213
83012
25881
69363
45822
17717
56882
81692
9841
30497
1743
82492
39863
29457
29690
9667
73506
26551
1428
57881
16748
1829
99362
30930
32460
43844
48346
2833
79375
68715
24199
29589
6943
75885
49946
71957
87651
78589
7846
99524
76273
24689
89284
10334
73556
52393
43366
87163
33800
89603
39802
60112
97215
19299
81227
18383
83649
94950
36903
1978
69370
54048
2317
41126
6297
72153
75549
63978
79511
57732
22015
94917
18705
1903
81608
92059
12545
89028
57373
80066
477
61182
69033
89771
28912
64086
32374
87644
94657
31562
88308
92700
41685
5867
30153
22224
22371
48158
4036
1403
76844
79388
7652
76068
67587
44885
41407
95311
37691
89168
5838
94620
37577
56836
1501
8187
85015
12545
12213
42211
39779
87904
69320
47948
69424
29315
53231
12837
71750
59383
69687
64387
84992
55970
3221
21088
53530
92964
22184
84027
22678
37062
49953
5489
25723
93687
55123
84849
4366
21965
37209
9826
35944
61824
61623
88940
10068
59704
6644
38271
91653
28569
23561
78307
19480
41451
9628
81606
53615
80412
54657
92050
90360
28186
19532
2717
37951
63830
22224
75736
74192
68382
8471
49784
22174
59860
28442
23167
94347
14281
11020
93825
86320
83912
92373
94109
13500
71645
86009
84272
84059
73516
31234
23953
67307
45158
19465
7758
42291
58905
50989
46238
37479
30908
64079
23271
20098
73777
56133
