64641
30748
9313
30464
84717
24281
18356
64216
26357
95030
73576
89432
54879
36412
87418
92888
63187
8994
47267
87929
54206
70169
89703
64042
27785
23897
18861
52498
9970
18593
62459
61979
55043
50493
52187
674
4441
62445
94637
61348
32078
4930
66504
61892
92493
27084
7361
99793
11563
4471
7238
34887
8208
34318
97412
94471
41044
45270
2679
60819
5420
65858
54246
7764
32571
11596
34389
4386
84224
86743
88447
741
14357
85919
55850
49276
3665
27811
71548
701
16536
19068
40935
5498
11354
27571
53771
20724
53080
57715
59629
59170
59766
33817
55927
66219
50683
58739
29320
80897
92694
2975
15568
24819
16023
6497
20530
22288
78467
48136
90806
13233
73721
1978
44283
86352
24923
48747
96410
4999
57824
13664
51305
26509
27114
29277
40975
80539
29991
89630
98592
44925
98490
90651
8006
13560
3499
16115
89475
4857
7040
31482
42257
4944
66909
46396
85448
57787
89533
69574
41296
1936
62329
24321
23072
79030
51669
89059
97704
86746
65521
39991
92297
88836
49543
45880
14742
83070
93972
30723
82853
8807
59272
91553
97958
26341
71407
46361
59600
80718
43828
83187
91005
60416
48333
96656
82596
74169
67578
28975
61891
14440
18411
2729
39335
67049
39185
53420
55400
21028
31653
2378
63815
58810
86721
32489
42663
70776
26362
96730
7623
5308
29459
16986
42917
82333
48985
31880
40502
52887
63284
40572
15491
64996
68832
68412
90395
56543
52217
30909
87156
17986
90960
38571
49064
41449
19372
32195
73694
15844
53992
11819
47806
70847
21351
56582
84981
1425
59811
57001
18064
7305
12917
2513
57743
91080
86887
98819
89978
18309
42093
86120
18558
95453
9574
89636
14347
90887
67921
1468
62961
16789
58185
24658
98894
51465
92766
44643
43644
12249
83431
88970
96732
95216
12844
79850
5069
88447
80828
57983
54562
20552
42216
55385
73750
67872
93261
52353
61273
31714
42235
94093
33503
58343
94039
1274
49120
88258
3619
6278
98314
42243
55174
77729
34877
53122
89387
23342
82609
29724
84567
25900
10058
9937
46905
42409
74573
2799
50907
31021
58203
40413
83370
11929
70014
89337
55467
38389
1176
11570
30730
16810
84828
74550
59669
12319
65378
64487
20507
20628
78484
69918
69744
31548
47147
16335
84035
23566
11437
51630
26701
46320
37351
72597
48074
57901
58872
43244
7715
45540
97655
50998
22165
71038
98993
67756
41071
35508
50268
34585
77030
10085
82291
30279
52537
88285
70669
51821
64782
53679
5302
31901
26951
49546
84868
84409
79459
12230
26476
1767
53446
22133
56772
74967
22972
27486
47753
98705
32555
79390
75263
48527
73297
76851
74599
16615
64028
7071
20060
59789
87232
7051
78462
54035
40238
65754
24046
72619
86170
14584
88296
28841
9032
48501
81139
54897
53313
7324
7307
25050
40532
71963
19266
85391
78415
56774
58603
50100
74946
68253
20380
72388
92170
66687
14534
46395
43671
2736
34729
57218
3439
75133
12534
17970
91093
46421
39495
24796
95712
19702
63302
56704
99764
95009
19256
15268
87784
93070
75620
83463
7150
73946
97672
17916
94203
15908
36670
42344
33966
34743
11225
50576
72595
50089
21611
65398
59429
1295
94297
31993
17279
33807
54387
55244
4950
63676
72623
97160
47430
99266
58610
50601
27116
51265
50067
29492
77461
94617
23767
75185
9751
97150
90829
60968
8477
12726
84109
49675
73397
53858
55839
86488
98772
43626
66183
73342
19559
42428
12966
30527
43284
39510
94914
34700
76132
60624
23459
21329
21
92119
87936
64811
77528
19112
22242
20129
42978
93418
46767
92224
79566
22948
23763
93571
