37147
18502
67020
33067
94443
18110
31497
10566
46174
10600
21753
47180
47473
68430
95216
84496
367
38287
18220
88272
87031
45006
67613
33668
74089
25270
87328
71316
9218
9383
92295
73700
96666
86151
38894
2641
98657
29312
73956
609
17690
6302
57111
53048
68476
75568
39931
83535
22083
81427
61606
16763
16041
40678
14986
92141
50889
33351
58977
69172
30782
60180
1348
36791
18305
48053
50513
61322
29535
92574
85839
71054
64331
17611
70581
80729
87895
14564
65191
98521
85338
3792
49232
27790
47776
75531
57658
55988
71165
46753
51752
65305
70334
4783
69827
57509
4953
20320
34743
20423
25054
78608
54000
29508
95588
90552
52432
98430
70096
34256
4246
36324
68160
60456
83833
26989
10948
73557
