42244
54039
61290
48401
37463
6379
35776
58710
42373
9433
12373
14535
64215
10388
61361
72681
67976
16783
86348
20918
11
13616
1085
36144
38614
15396
8725
58458
87178
84019
27201
79524
83869
51603
85531
97462
81642
2345
57109
8686
6186
58279
29864
48724
28642
10855
43172
20130
98172
12714
10229
72964
19362
10031
12921
28627
52954
25146
9786
22066
97654
77318
71532
58354
82231
32849
30665
12612
24857
63898
91038
65630
59673
77661
14732
41731
83751
52360
7502
27758
72223
88595
60285
74463
73789
54237
60161
73838
38682
56903
44508
56496
92558
35042
11032
28867
86747
71510
66493
95792
80190
30560
95272
34274
21675
44598
13291
41700
95299
71189
44875
594
17643
82028
49842
9058
17032
97069
84564
27994
72687
56827
73929
67953
19389
34542
73072
24630
66629
85864
54984
12241
85866
11709
47568
41663
93323
26011
52787
29191
40945
18460
78538
67493
12027
43914
38852
10530
85199
1973
11835
89678
86946
38499
23105
23362
56630
27319
14884
87133
71526
88660
75071
9435
16205
32634
14727
5934
34459
8179
15735
91021
44281
55373
87048
54227
78289
6436
55925
75475
95689
62542
39430
64655
74028
65306
25295
47367
88604
24205
85033
66003
11127
65654
57665
52285
43388
69102
51287
79393
29186
32918
76070
77020
86238
20814
45396
31572
51450
68877
45073
50193
71393
39408
91444
8984
