57276
31168
50690
71489
77145
84168
55637
97794
43474
12452
9718
11468
45110
36094
12353
94666
90969
42047
78591
41786
92434
12267
2875
12091
62101
1700
97392
71680
39962
6342
5455
92887
5542
53625
82823
67853
62226
34925
60794
9487
8328
12845
98560
8929
44912
34776
47741
75110
68790
36302
41109
86603
98958
42685
94065
45008
28292
38599
9387
75444
86776
83957
57831
37131
6997
16830
5926
91485
53270
44499
32439
56044
81252
69103
33457
79589
13707
93946
67178
27325
53959
22281
2889
3659
65232
18852
93928
62856
59560
37815
39560
23627
25537
85349
22711
24371
55013
61428
1932
28081
28849
56255
21840
24290
3863
85065
5350
29854
9228
14476
31300
34346
71420
82062
21485
64494
81068
54171
71899
88145
22901
43070
31925
15454
4939
8812
30506
95903
46392
9085
24575
52278
92014
39097
98476
97703
441
78598
99796
80167
13501
64074
53628
45083
6514
5213
52206
43475
63864
58216
43303
841
89529
13786
5179
85779
24330
6385
19351
95051
54558
9446
83461
142
89900
79022
42332
32323
83585
23782
64052
2469
54375
91731
74643
58827
89441
86841
8939
99725
56605
87031
32039
88176
65782
23733
62748
78227
33917
12696
73372
94056
59247
4745
25608
4055
80612
53486
55182
27491
62881
19883
59889
40082
94164
40833
46466
97798
39143
46352
96337
37489
97445
19625
38446
67527
77407
95285
34359
66167
16274
64105
98406
70889
50409
69995
43222
49629
66123
70588
78214
35955
31658
81448
36844
36721
27141
91957
94011
24948
77266
64950
39084
87564
16358
35882
96611
39621
66299
58081
26647
85326
19126
89015
11217
98775
21476
89000
89672
24168
97611
96836
31675
68555
68137
60382
5831
15997
82781
1724
40385
85450
1274
9410
88900
51324
25021
10841
54530
14526
73384
3600
83330
8041
43940
92888
16828
42642
70230
38068
15245
38141
2284
69842
27337
80429
33274
70528
19426
55976
30051
80613
56839
64575
17695
41196
84052
9716
115
59893
73754
10634
34469
75145
50784
94010
13506
23633
24614
75249
43553
63188
45766
44712
86479
2244
83166
31431
82073
8470
18049
54492
91415
98553
84475
92770
46760
18755
90346
2743
8835
7112
42527
10337
64314
4610
3671
27138
19058
33326
66923
9641
45914
44177
12422
66862
34847
12127
78096
15451
58030
52621
27642
91644
41843
19262
19219
35915
90669
58013
47249
94751
33286
21870
66414
36441
20661
35429
80398
81868
98572
56027
12372
48747
41547
8407
8578
47237
86131
17613
57923
34633
40659
74895
44712
56214
79469
50883
68493
45051
85390
67755
36469
61045
86076
72172
76355
24043
77763
75981
46201
99417
31728
96227
16878
2003
40249
78895
50097
33435
10684
71981
49784
73056
89
12616
54092
58391
77157
10200
56971
69777
66935
35346
96478
30816
19558
51326
62670
69374
32052
84534
69474
10150
71412
58505
2904
44431
58016
42709
15965
574
785
35057
34367
13408
17971
63412
60955
73459
18080
17963
46885
67563
19009
76423
32482
96381
99749
86062
82445
88922
16224
80722
1383
26149
2506
39634
1644
41583
9711
9660
374
34448
94235
56397
68991
31877
979
83069
12845
56145
90371
89210
51294
14088
37648
1911
91140
94988
26023
6522
44682
71954
60264
27042
84349
20063
33674
8217
10901
78337
61768
19371
63748
8419
17589
12437
73327
62612
7431
604
95402
16679
73217
26300
98551
27014
29427
87294
88500
594
48493
6655
15560
3188
64977
28419
74184
67192
72048
48928
98202
92761
72167
34508
94376
70999
25462
42874
96499
25211
28583
28528
87556
25418
11120
28002
98737
33963
28491
57335
90635
46380
19716
10306
29843
55112
3811
60559
43442
89169
38252
6135
90564
58503
2402
2640
44512
38708
31923
27551
1551
86552
90795
63289
72011
19965
19099
90141
92067
36974
29682
40220
38700
14712
58292
51822
73045
61860
4664
39264
67188
64902
99432
7329
86958
22448
37963
29052
23016
8480
83490
60028
2040
940
55783
4082
55584
56427
38295
9877
36013
13669
68491
6467
59487
98032
67435
75851
211
50579
29595
82651
34044
92659
60363
36648
87120
83466
76330
49562
82001
90046
67125
83587
53483
69653
38179
37760
58929
54209
96237
16617
23564
94787
3250
53518
96411
92965
47841
88926
55012
62112
28841
72436
78885
839
25984
9381
40576
19134
16962
72118
80097
88732
27875
45967
46544
84904
52983
89833
59852
29674
16922
46001
54341
12977
59086
39256
89408
6845
40237
94154
35624
87403
94550
19889
61204
94688
4702
52644
43669
28798
97183
39794
37247
24119
36519
34831
66911
57283
6974
11506
39982
58008
29074
25337
45190
82840
18094
65907
41752
86727
19972
33731
78897
22807
36494
92694
94182
7986
84762
51855
80202
338
46164
31053
32490
77127
8754
30222
76457
24254
72345
32125
99870
28730
54172
77616
58329
69212
74699
78364
76593
38794
10891
56941
8826
63452
60897
14439
87624
43825
40648
58924
72520
55118
31304
39643
11843
98020
92846
68063
74085
87871
89450
17498
14381
87847
33860
50166
68635
58878
34364
24970
33287
6398
75262
41407
89447
89222
22227
69038
16229
94314
42598
32631
83605
13420
59604
44752
97425
14529
65772
60309
76365
6636
4278
88721
49344
93393
42559
20979
29592
10731
45804
28746
9461
15678
25637
66122
79856
89896
50196
22620
75792
23808
51833
79770
45273
56818
33892
960
28242
89108
52740
54105
93105
74055
48605
26651
2119
86540
92063
96054
46662
1248
39446
5498
48510
13851
23170
67927
87783
93481
64895
7529
64333
43152
84516
52556
54802
24507
43448
92526
59500
41599
92736
40483
57991
91698
35641
35405
67072
98986
64003
93316
