33106
54106
2873
9627
22816
50530
9755
16497
39495
27984
32552
1130
49954
40335
3339
84375
67141
23857
13137
43933
44390
19672
41565
2886
28367
79503
75153
77584
19582
80639
77711
5409
48007
79232
36136
17902
84218
85349
26068
22365
6948
83935
75533
10451
10222
19175
86381
52066
73286
60445
96309
32589
63634
63449
6938
13433
12540
99987
81260
43313
75377
32171
96915
58855
50273
27143
53122
70722
4198
85436
157
81792
97788
90772
36985
60455
44138
31114
92663
9191
93121
23086
4297
59137
84330
45121
41774
84558
72293
22702
5361
84230
4089
82755
46988
74776
87020
16678
60177
83078
66052
15658
47867
87850
60287
14516
34800
72862
26463
46483
69295
81426
7323
72068
50191
52290
27874
37777
74524
5152
85368
68564
98429
81496
80074
15926
77703
15033
43783
62208
73434
27460
70936
9585
43139
77462
75218
16446
98849
69813
10320
68912
58094
25809
53407
23935
76906
32020
32563
94697
46902
49242
42153
55025
97710
97488
17229
66371
7775
44360
36813
19767
29078
64255
73049
41835
10489
97738
28929
72729
77071
11427
38927
4711
94831
16456
10469
72619
28088
56139
39019
45682
82470
49086
15306
24191
85306
15911
11874
45650
60232
8847
8671
54488
33000
90553
39834
93839
52760
11572
13445
79168
3091
59834
17625
35475
10314
37442
60193
81254
87018
44610
38283
51635
5340
91130
37297
79991
48949
48857
56528
94577
85863
83278
12496
68224
2756
84438
71710
4278
76622
16630
19858
16516
42694
59851
42591
22636
31461
79830
13876
47864
55718
30620
58631
15622
70564
57035
49148
41870
53256
59842
44890
3903
55043
18867
93304
19812
47337
49400
32719
25876
65731
55915
4632
70388
24752
21766
8941
45489
48538
14660
48530
69118
34981
8664
38859
55243
24646
96874
97660
45720
35290
29840
51022
16779
71739
15955
61473
23826
66547
22779
75298
82060
47111
88000
82132
99802
25988
88243
90869
48797
48094
3659
93331
38595
11311
75772
68922
46378
80008
38060
95165
50463
51740
86998
90585
35891
4892
87852
98648
8797
60293
85115
78941
25759
39361
66470
22006
46980
26532
39056
29255
36403
6004
48862
97626
31631
36508
12426
5468
95967
47033
15094
43818
28486
27613
24835
30319
60113
97415
46241
94909
38135
89594
82072
88504
62978
24717
67572
99233
44840
53765
21941
19846
40951
8805
58761
44458
2877
89372
58953
99382
92466
82383
2681
61764
45198
41297
50454
98145
14526
36151
61893
49565
80291
44146
91119
46809
23932
60358
34647
6914
68936
13193
60628
42201
25091
95248
2867
19681
68851
80376
27441
70740
38461
46858
2443
55751
86913
20308
43305
21681
74262
69426
84706
8689
91872
72376
39554
96804
17685
11952
20526
42519
54724
52039
30446
79272
21755
60479
36672
49949
38430
30773
29293
34149
8709
91152
11103
33432
41703
35367
59895
3624
17052
12965
32651
99509
28486
51938
50328
52715
55694
6062
1995
56899
59850
84921
16016
86422
16412
23170
33995
26433
83635
93356
83251
43489
40133
50557
99979
720
61272
6121
55101
82318
52057
16901
25467
41758
19388
30936
50786
69817
10150
83957
94255
32367
28778
72394
74299
23787
75135
24681
17020
18532
1372
33461
19988
23696
29714
89162
59376
77929
51959
49608
91443
49572
50961
19677
4842
42948
59454
74257
67033
85475
72384
64178
16283
99678
99100
50884
14710
67738
76258
76191
25584
36590
89101
36568
80946
18595
96913
1771
12044
30225
71560
72857
17857
60542
92513
44683
81405
9101
67552
31350
64333
878
57647
31544
46147
37193
17178
20310
24595
78829
74451
91637
1670
75767
