54852
60471
14392
38731
86246
46035
57683
62213
36807
13915
99527
46321
55741
7164
54417
69478
5609
186
44908
11858
24706
78942
57556
90420
43752
1416
76602
77175
33214
55774
79922
71186
42089
36518
37661
84211
67012
70370
81305
85314
6650
38665
20840
17628
46620
90872
61437
13145
70177
9351
68842
91450
56762
63909
99317
75910
2914
23972
94978
84829
69433
80507
28998
81033
33992
28340
4231
19223
69503
70205
2465
35238
18880
59593
5207
86041
58102
39927
43799
52880
39979
63456
6997
23863
86931
88472
14423
78179
37200
61750
81296
43040
75391
96475
15881
26143
9666
39806
83635
18280
86640
42214
43642
99972
6885
33603
72569
97169
58701
13276
17807
62986
80172
42097
44850
5976
73509
5134
94101
45520
13917
26051
82022
7752
88909
59425
59847
22405
43712
79064
76374
18295
56291
25519
66240
97765
19814
7025
16978
53328
15902
17254
19478
23923
43942
18309
62868
33294
51625
9904
52633
4532
45704
38115
4363
60588
60191
35889
11062
47460
73756
50164
53456
79636
36902
99512
6694
54652
75857
47084
86162
66483
88156
40773
29618
96662
6573
58098
63809
70599
96556
26552
70779
33808
26431
71842
72590
18176
21156
5651
37574
83924
95963
69518
79571
65737
63797
39841
87021
44430
11614
8216
57437
4540
23741
86150
16375
4931
8496
7700
54014
2092
72079
40463
50903
47203
79385
19647
53205
65060
26921
88518
33495
70205
9510
2238
70520
18638
61201
63881
32864
66732
71077
19378
58984
88340
69115
66239
10066
40280
55466
67659
9680
13456
51636
35481
11844
55499
18614
32368
86352
44149
86635
21961
17509
23096
74720
87232
95029
21503
15630
97737
43730
44615
74835
87282
31014
52701
81479
62563
78088
13145
9581
12925
9593
59261
78837
20039
18568
74029
90393
15020
23
28833
77529
88714
80096
49116
1869
35887
13619
81883
71209
88563
24650
57728
23929
65064
38620
64354
4467
59143
74020
56051
54279
73206
34568
73710
12367
58247
44258
54681
68663
21000
31109
609
