35466
7518
52570
28365
76159
93174
35328
23915
17724
46024
27115
10244
8455
92035
37148
13951
34293
57469
71418
59099
41800
16918
55279
63116
88209
18081
87618
39225
62129
10489
4153
14817
65264
68652
42063
25923
5068
98779
40129
18980
11043
68144
78146
1995
19291
26535
9077
46701
73121
18757
99788
58718
88256
59137
79681
18548
52238
89454
40155
58078
5556
96103
61785
7234
41870
12297
44979
39802
49972
11225
8883
35514
17339
52438
48056
73655
38772
53284
43824
61674
9003
40916
66103
43372
10701
45435
26560
6127
88971
23515
73685
15613
58623
82051
13424
14940
6358
70911
60125
6994
81555
69275
96729
61896
9873
64274
41378
35818
11081
6025
79775
98953
45629
78481
49074
64640
29999
18412
96533
96435
85737
38852
50831
26457
37539
93269
76890
35288
39013
33115
67297
67860
93159
36830
80118
39728
44186
4206
33498
46427
4056
90741
95046
82945
43739
74731
69983
80142
32976
48784
84940
87945
74377
63689
21256
42703
18443
70272
24357
16603
87383
6089
96805
77965
38728
11915
5794
8799
98362
9346
20453
25793
84914
50106
92379
94995
43806
67885
82717
62808
23286
96748
2312
90228
48175
79351
93482
29469
15573
37415
21284
73914
79849
16895
59043
97966
93935
17080
44217
31824
68937
61184
81779
23629
28331
59147
3031
24271
71310
26261
98896
50558
87554
61548
93317
90634
3776
6576
29790
59377
18432
76325
93225
60947
88061
46538
45943
68018
91062
94412
1059
26725
23668
50893
93871
62101
14969
78683
61897
89028
76319
69211
58158
89312
38519
70726
86360
18300
23577
68409
94189
87359
87290
84839
13391
92611
67958
20832
35568
81792
13203
35012
33209
76898
25201
72170
26889
36660
67677
31215
75664
25093
44678
40761
83057
49221
18166
3913
22428
17335
60178
27642
44441
22652
223
13700
39435
38828
37501
1259
94143
94137
43115
