70473
43407
34302
46707
67453
19793
31566
15411
87322
22180
15288
89279
50600
42044
84387
65838
42436
36293
72595
85229
52676
57059
74729
75558
24651
86113
10771
22233
17287
65946
10487
5954
82522
64492
7345
89744
72762
62943
85118
67662
61500
88715
34193
92783
19276
9127
94320
59582
41566
93057
18952
55821
65093
15415
89353
13413
68678
58743
22055
81340
9021
9332
98124
21375
11693
9334
6756
86108
34699
94643
93075
79493
51175
4933
23729
63961
22866
81945
56281
15524
91792
51189
80667
24230
46994
54665
40860
67106
75138
93931
21066
14018
40888
3778
58640
52168
90591
12817
81089
9942
2370
8212
24882
46922
99981
39459
4645
60160
91686
25392
90547
86732
2462
6531
89547
57832
28664
73894
74381
57027
68474
39650
10969
40767
73576
79056
38605
47397
46292
71560
73369
10048
855
46339
13153
83580
26306
33744
24248
7535
50020
80699
75419
49746
3384
34333
11556
34356
14230
808
23504
16697
38436
24062
41468
62720
97243
84114
73346
20924
853
57247
13867
20126
52022
80498
85876
56122
93377
5967
31525
94919
49645
66846
7007
87774
64230
61222
37383
39243
67499
4248
33167
45483
48056
56672
71612
76793
4871
50432
86336
42192
60398
3323
6681
92772
66832
55293
97724
22885
48456
55434
40979
8262
69283
28584
67051
71590
17055
53693
98490
36020
46731
34102
53425
96605
24080
68383
72069
95349
8886
9083
51250
42945
19630
89332
34520
46321
60164
14234
20941
8936
63498
14497
90786
12065
63269
24904
76200
19471
89621
21
59738
51177
51942
50315
95461
26296
49898
10075
68691
98448
83224
2374
13999
39373
4183
98033
88631
79950
94064
20729
11425
2820
32752
89553
72522
32233
43316
41359
33336
99176
92183
52597
5728
8864
49344
73
91002
69315
93871
8224
96423
50089
45542
22493
25712
61123
497
51413
7881
65235
36272
96249
25407
68891
88596
56918
18425
62388
77793
63227
82979
8538
76739
69515
6264
30626
96646
5134
90028
4110
7031
19316
86079
85839
24306
61336
57277
10258
63841
11398
31735
91903
33477
68100
62903
95933
27190
36836
20268
92426
81647
28613
91521
30644
25244
87884
73349
76027
16229
95085
64476
95363
61384
3771
58204
16955
10170
39567
44585
27259
99640
8167
98547
66394
31491
91076
75060
8639
6611
10330
3436
59810
84866
97601
22462
78417
27795
55434
60594
36421
87987
81250
94029
68755
46921
36372
30518
29706
9896
45948
85763
87622
92250
93008
92786
73480
30066
25127
99152
34168
12824
64710
69415
5898
91648
4666
10496
63783
81308
79786
89160
54735
78972
8164
39272
18390
14137
29792
19472
95119
60557
45354
98742
60663
24567
15814
67559
91857
4814
48982
48351
2667
56282
26426
23597
23276
11834
88131
77106
42255
25876
66735
48397
30109
56787
31027
8649
84086
53736
74396
59342
273
5654
4032
73610
67469
65967
8752
81330
75834
37106
18638
58968
32326
31435
86492
98452
52546
84566
15995
6555
26006
52685
77217
69243
93822
96956
68633
3875
93539
7164
83472
38121
30418
89639
48077
