52250
52815
56127
57309
3081
6800
1272
5148
7237
7767
16071
98674
70295
32574
56103
99520
37740
67840
33335
47588
28437
34789
79788
70513
97334
4877
87790
68669
53633
80517
28549
42686
83358
89479
46202
99730
28439
58686
3473
19206
51413
72068
62006
86054
80885
69959
33580
60965
51061
83952
381
62577
56304
489
68575
17460
73027
85614
59975
98204
19009
32602
51514
26719
79217
73384
15316
80815
86371
56372
71080
79054
64366
14128
96175
56368
72783
93733
89627
27374
71297
26825
17608
69681
80136
65971
86382
82868
20904
28742
26703
42824
98710
5269
197
18810
20554
35286
6837
7501
54643
52764
74593
94688
12871
21326
98211
42175
4313
12206
44677
79293
95986
32600
26907
92183
14994
81833
46583
13246
87002
32447
59911
57629
29669
28256
80343
59097
13931
77364
35814
37496
86896
82126
72731
18532
52232
22919
56809
58809
67760
44206
78555
8697
84064
47410
46838
66110
78362
8013
3816
38720
88703
93591
20498
22196
92853
16963
65019
84615
40983
39114
28244
26949
76391
7180
92396
13860
59868
8374
39951
92074
25024
87774
45485
42796
53892
51213
73565
82259
81418
14233
80734
5918
73547
97094
48793
93305
61627
50535
25679
35269
57899
72193
17825
28646
15962
51605
32305
76883
55013
32977
6241
69987
68062
11742
13696
929
48105
77702
68304
41639
43398
82760
3197
26750
58379
22326
53402
79297
58387
99091
52232
9333
82695
4681
34175
52830
69948
16839
26833
2286
18908
96681
27245
48440
7991
10746
37855
61804
83398
47864
45200
83924
82231
84039
91871
75139
68995
91075
70267
93636
98202
53008
18496
55921
80744
96908
87292
63380
77567
60865
30981
31265
50868
66017
22731
46716
55514
54756
18758
47632
84470
91597
95899
10523
53891
68308
27101
98656
12810
59035
83834
78872
46572
33197
4084
65899
78185
71324
67696
11083
23454
74474
84237
22532
16883
13934
33056
16214
61308
45154
19624
14239
72316
22634
9165
6604
57109
7973
2030
12436
69806
88636
50569
18531
77030
52108
84693
17670
61933
56831
68531
84190
87060
7675
24177
9995
7360
73366
93639
39956
35252
10887
37347
67656
39411
69595
6555
23937
24032
97479
8790
70211
69293
55259
41277
34818
23904
65706
45502
64774
29240
15385
54281
4476
76622
35433
27178
64641
98457
99169
99244
83742
14333
62073
77184
58918
51288
82913
79119
7434
45552
60755
93638
64453
48040
98319
14897
31801
66397
89358
86090
41653
27863
28864
10716
19866
56606
32871
91033
3977
42417
41913
25480
24862
98234
25048
55878
7219
78075
82358
83530
40991
86586
38067
19222
68484
21746
89827
56436
78303
20536
95376
98243
9098
13078
57591
55879
85468
51357
57317
2311
18416
91880
75141
65016
3638
35275
68775
66219
22992
42441
7677
53726
84038
5828
45099
55066
89795
9642
42231
98119
66779
76435
12729
83441
47040
43670
16381
11783
40643
69168
70409
55861
20757
80046
65113
49110
11445
73051
15583
33209
52971
23607
33443
35862
12858
41650
14204
3270
67979
2524
66083
75826
9126
59197
35532
41981
79150
91699
17976
59968
18893
56991
25576
53823
72031
51816
32968
3992
40714
95988
43621
16744
94059
9022
45148
43171
42991
76867
70583
5389
29465
13111
43804
38118
3085
94583
46735
61559
44514
23132
69960
19745
55074
55614
14315
95979
98031
79620
63830
61042
8682
10212
62555
71990
58903
49338
81766
103
14049
92361
98990
2282
21116
12586
30503
5781
13187
87457
50738
77448
5080
71408
59477
17582
26028
23876
61669
38445
94707
49169
45139
63371
13037
9541
96707
19252
50556
71814
79215
53746
12816
46632
47510
52153
24141
67677
98628
42488
25110
8533
82791
10573
28881
86381
55961
37274
50735
44972
45961
35027
87669
43321
5396
64879
47221
35618
89245
11575
15878
11251
55225
41372
8242
96991
64631
58448
23897
7324
93440
58350
25247
19180
13334
86173
66377
34565
34489
26656
53579
59433
68516
5583
25852
44188
66077
69495
41235
82631
4931
88523
78432
87053
26610
13859
53308
41418
2331
31890
21749
97512
13376
43411
51532
87610
9780
68488
29986
19223
98502
12655
1129
62589
57995
56445
42734
49641
15520
64054
30914
95136
17213
41266
2392
4917
79918
38193
92570
99475
32865
24958
32234
2599
4906
56067
46056
25105
54051
38241
34408
97588
39508
22012
84129
92276
87394
15843
29058
70165
71124
3666
25898
38276
975
26613
80299
72110
41018
46614
7692
71586
75917
30511
86357
73543
80421
98529
57682
1928
10388
17628
95590
77278
29646
33325
55627
95200
57137
10116
17523
64074
9135
22405
28350
29198
99059
93957
1623
78292
75767
73946
84087
7436
30549
62821
21670
8997
35654
10585
11855
88864
58160
27130
59776
53496
8075
48620
8630
67650
70986
85099
14973
30902
29091
43617
62451
53512
2161
57159
74483
86463
96906
79390
26160
36441
33541
88153
46728
66825
11654
46630
59545
46551
98261
28658
5914
82005
62628
74854
21122
50439
85327
33972
7305
90668
58973
53185
78345
86932
370
68158
6835
78495
36102
25391
91958
78769
969
23335
19955
19921
1891
41805
55996
24356
25553
68421
32641
432
37703
80446
90883
27307
36036
24043
1136
62933
72085
35492
77468
80356
9808
59796
66454
43495
39794
81050
10449
72869
36700
27144
81035
39293
54899
1200
48547
43522
77976
82948
65115
90551
20543
77912
49229
19923
77274
79528
42458
12058
24255
29024
6684
65476
45866
39598
10113
42095
75350
12500
84562
44502
57972
59771
63732
10558
99410
51590
72408
34835
75496
57614
84957
89136
70377
86916
59812
31896
10567
46531
66221
60265
38592
98390
48614
7675
20460
15558
93426
15300
91087
6452
68171
65475
98385
20612
32578
60772
14180
38670
20513
25684
7120
7622
36562
66641
44067
17547
95099
58950
79786
78217
31528
28819
46279
24297
5910
59581
11157
56056
90098
83851
58163
57107
43748
69043
89442
19481
90750
49765
54337
99039
17715
71896
26018
40536
53144
30969
61828
81972
63607
2912
20459
34476
35513
12870
74924
39352
19196
74088
14702
72996
49615
58123
48572
36661
67520
50012
63874
67518
77199
24586
26796
45334
4612
80746
60501
59632
2800
5742
71153
74941
97753
29184
92448
87185
63392
23687
21594
30878
94119
50089
