16662
35063
81341
49424
59591
23323
89357
73015
3131
67095
94309
4773
39021
76116
75125
29863
54766
52368
15292
36551
13454
2935
39760
75243
20430
65675
61387
73268
43833
28418
32996
73399
27109
24302
10134
10271
23271
31322
909
36308
13443
32726
68021
7845
3443
24410
53427
11068
88267
93823
66827
78509
78827
13537
86830
13727
95302
6097
28993
93916
61936
16088
29182
74713
34098
20910
77664
14718
65982
64853
6592
23444
51458
78983
23108
80727
34913
31915
71800
96020
12247
50318
85001
50009
61590
54486
94571
13571
37472
96406
14969
17173
2328
6993
74372
97355
3544
93308
73746
82532
46746
38709
