23413
87231
43383
27050
99843
90429
6103
78813
63387
34297
32973
81669
11617
31086
79172
13122
79612
26338
64092
77246
69575
49884
89418
21116
44465
4611
25752
77182
41605
58168
89267
49273
73538
5231
61588
62778
18207
27436
94727
23142
31368
17592
51582
82876
69354
25323
62754
66268
24372
80185
94134
56193
82654
61462
75510
73528
97813
22266
82584
95232
64677
28920
37208
5218
45029
83700
8131
6385
69498
16394
94915
52175
31610
40950
45877
51982
98302
6541
51762
19142
41856
59483
52810
61419
64033
33073
66618
12075
29720
88060
64964
95940
44851
99495
58464
2448
80383
46363
37846
85653
17192
56369
96770
7978
85269
41958
24582
41704
15584
23528
75225
91271
70504
63442
53376
5193
76110
75789
41185
11955
17081
96055
76664
81438
51429
98975
7324
32115
82485
43429
71598
51939
68694
66108
1949
85487
62713
44832
76149
22074
8491
24914
96491
6192
12834
73693
25435
81409
46118
53271
26337
4594
5177
25891
68571
21136
79704
15332
56548
86294
34634
92466
59219
72155
51929
23286
22577
4395
61492
67889
42480
31278
99639
19111
3464
92166
99564
70471
68603
77736
73539
25914
85997
29213
17091
67004
46761
42803
97536
80813
5782
47380
88283
89855
87439
16024
65695
24335
54263
89548
51115
21039
19916
78229
10791
95059
4955
86066
22426
76405
21571
9232
46729
78812
12754
8719
6469
30005
55063
84924
76524
79773
6858
80679
62106
95099
42995
9783
31671
87440
26471
75228
16208
79055
26620
52499
5998
7768
18422
22032
62048
60695
20376
21131
59241
96550
651
9470
77101
78719
9554
35690
69272
69338
13023
71342
14181
39237
16122
15691
52064
95172
54394
34985
49933
46342
93024
67673
52192
60254
2721
98701
11583
33030
22876
15828
59396
85727
21437
65556
94447
33524
32681
52952
77886
90780
5956
46869
66031
55277
38318
66761
91645
2730
69968
66876
6301
85391
71197
12898
3525
32977
57277
16847
75998
10853
24107
36241
46462
97195
11945
28453
17799
50566
21243
18539
62490
1442
57099
59153
40386
46154
1642
96914
21935
35959
7055
8852
63062
55999
9527
74005
14529
8538
62030
61469
76247
15834
76953
67032
66673
69714
407
68836
43332
9865
48962
41079
81486
51428
4386
4858
28291
12044
72512
57371
31335
60362
94911
40038
3797
15254
73178
90462
87667
37939
13924
9260
88535
59773
42292
46655
24488
90067
92479
70672
45747
32805
53582
12070
86997
65975
27366
11634
51613
4668
45714
2485
36026
4658
30134
15884
20923
36914
63234
51418
96535
9944
81168
5393
95940
39701
52543
21712
9136
57730
80370
38224
19564
1839
11623
98530
6780
82840
53041
37822
87888
61544
38849
82999
92224
11439
73233
83876
29639
26408
25732
87573
26832
41061
74137
35803
51636
48188
16129
47296
13431
5653
2498
93882
24298
7490
82920
34187
93035
31603
9103
38082
83873
25412
63530
34990
71094
98169
13168
84501
66467
68667
92072
82727
31998
92796
11392
78503
27702
75820
46894
58592
66711
5745
24390
82235
59046
44967
58700
84734
28518
39046
90841
98036
17305
87650
3700
1419
77530
39146
64708
53466
35020
31628
80828
44764
13580
19770
61884
31501
96098
4416
6484
17214
84709
50510
71370
78128
1021
