75944
26127
39468
28433
55982
27420
77825
94036
65422
44347
89096
9972
972
88556
11112
93427
23572
35083
24916
79625
68654
39276
83082
27199
88636
24102
32562
73627
13326
66794
16279
25571
397
96235
63201
38580
13997
6586
75645
53408
66939
19544
54347
17536
42405
86126
3444
17928
6101
91282
26938
36287
53212
21396
12640
36668
43044
12269
39797
31880
94858
4197
80709
98628
28068
63524
9574
4736
25354
72532
79429
16986
59438
71508
12686
49110
84928
65546
84793
2510
20658
14633
67525
22044
39855
79991
72359
79001
83595
26533
95535
1727
66788
43764
58549
62741
38834
55718
89467
78880
76551
98707
92573
33569
11852
9952
76849
81704
8710
63530
51739
77498
27476
37287
11222
80224
36671
58665
58772
48077
91165
30572
21141
98821
76996
77702
50197
15673
12958
49944
10276
29209
76078
5912
25958
21950
22060
33956
10192
29903
3141
90655
70291
20065
74793
18037
74251
29500
32542
78325
26069
80168
96946
41390
87715
45978
77566
93752
56573
34149
59754
61176
68745
58765
53254
22529
1419
21563
11328
89271
58164
2715
48472
28869
44935
510
60281
1076
24027
58958
3450
20696
83131
34633
23874
30107
32263
34687
18197
79980
44384
28307
77382
76042
70148
41965
21909
11525
66810
52264
16617
52688
18172
43270
20160
23354
31696
68076
96455
87204
85696
76490
69724
97614
30699
39058
78045
34112
34891
23147
90265
66731
3365
31348
44887
29856
25332
72430
58721
2969
78600
48755
34265
71763
42341
50762
2524
39861
14472
520
98410
64187
38232
30992
94283
67894
58583
79768
45343
31089
63920
87797
76634
43663
61998
49885
49322
86823
98382
90303
98021
59266
9354
93485
8603
36941
42224
97960
55273
79936
36533
38183
19639
34371
24736
26078
28499
72373
37065
76993
71273
45564
27086
27631
39049
90803
72121
90601
9765
92455
1440
15701
41478
24169
2498
39144
54832
44746
22388
57342
25669
60622
24495
65407
94556
25736
68157
42263
18927
35919
21386
76949
49757
21389
19030
52457
32179
81722
54436
17800
64819
51622
88195
62817
78495
20832
96705
95470
31872
85591
71245
83753
49984
79723
51323
10650
21068
61679
33075
13312
22645
29857
71674
73845
71069
24491
65943
20088
5138
50040
6965
73109
90310
4588
92522
74046
72427
61678
86911
73723
29030
72687
10390
33335
64674
37632
26964
70034
70066
8379
31389
70500
48647
41123
95154
34961
79947
14349
91747
54003
54889
76617
90331
81832
78626
98135
93443
45395
87201
77276
38223
59390
74767
59351
84281
49958
19467
38339
9171
33436
97526
95909
50022
96758
18650
36464
24462
49186
9434
57560
94098
58077
69930
32907
18834
52413
82355
28557
54708
66538
44189
81569
82832
92790
70156
71998
95733
89295
56842
45196
15494
41608
5177
58310
56477
58979
26594
93573
63181
42162
73673
44256
35961
29640
83177
80145
89460
41859
40517
31867
67602
90909
83631
42633
89246
15957
13076
57231
26602
46652
40731
35166
92344
64238
42066
52490
52900
11619
76430
59854
25818
88782
65375
12546
92865
99933
45608
53192
9612
90010
82538
53873
48778
24974
77593
24584
57977
62543
69064
40520
45903
69363
66970
16529
1430
38506
51912
71722
87573
30686
27245
77840
65428
80662
6048
78819
25533
71084
49768
89313
70348
59884
47619
36592
64113
86857
86388
67369
86644
17482
94513
90356
42555
35910
13951
56455
21812
48846
11115
54358
48020
73885
65618
78926
62765
4697
88444
68115
18925
98774
99050
86892
12774
79750
70171
86019
21743
30378
52415
14572
52117
84542
85078
70091
36173
36888
35285
29518
66711
49593
57007
76687
59968
95410
41293
96463
94265
68693
73826
59416
98412
18272
48444
87869
18431
7620
77581
62804
65739
27932
34711
91433
96430
96543
2240
63477
88807
95526
42752
25876
69411
58926
1404
69332
41767
22363
26924
17364
38457
73707
91753
53050
56551
92999
16159
33844
36098
97208
51659
28552
59306
72481
63779
38779
14881
65573
80257
63425
93169
77815
7655
98738
25940
47950
90004
39486
16868
79112
46102
96068
80696
60216
24346
92031
36178
81660
34881
3430
80383
68395
27379
91598
43867
14199
66570
96930
95147
62625
54450
76193
42106
63498
24195
60642
66051
93015
27110
8601
2995
76673
16976
56985
51105
55591
47856
99089
48134
71747
2600
33220
30692
76826
83042
24773
50435
16056
54871
11740
81380
93073
44339
54243
24661
69909
53962
17197
36021
63704
25979
43163
54550
26280
435
3709
51419
70394
40493
88275
66343
67480
48796
23399
60024
21230
45501
65279
80456
99422
10207
49994
38143
15369
27221
9921
32334
62732
32323
81195
1628
30658
63068
84429
45768
59437
78669
4411
76390
79332
73353
80041
75563
66595
45397
13899
44277
20939
94219
3431
24408
88682
36741
36599
53497
75984
5019
39180
99059
90513
71375
88686
38070
59297
86647
35684
4412
64366
77631
586
42560
41089
88888
1123
26068
30166
74431
71547
69972
13321
65644
11394
68513
28892
56787
12945
93916
26468
30932
69783
54418
39488
5352
85877
7957
84667
41970
16266
79948
9712
9486
79910
43307
93633
60870
83318
99794
35618
10531
23331
1553
33471
69208
85737
24869
59980
20173
9177
2509
73701
41768
77943
33434
7848
46168
3071
35737
3011
93166
41401
88195
58165
91599
60259
3835
85733
68086
74880
68022
73468
13151
58297
15937
