96111
19643
24328
22388
55799
20190
51644
20990
76588
27569
29704
82692
80215
32726
11175
16741
68278
34413
21484
70907
35789
65134
19583
4990
61000
7802
92170
62754
87519
64995
12705
78925
97761
89578
90157
69478
11745
22043
48248
68453
55063
34466
96856
92433
67653
17342
77565
2065
43607
48897
8003
2766
3351
87680
31420
30977
60
19337
61388
47997
28020
88890
33471
11593
14864
50778
84931
90636
42569
41696
4996
46235
86164
53030
15843
1322
68278
27150
37336
43657
30237
90104
19146
38621
56991
9938
75573
10080
58158
59180
69418
92407
60655
250
40433
66173
994
85262
77568
16875
32411
86928
59496
1910
43901
61768
16601
50321
71836
30097
62698
72909
82001
17730
17760
37915
69743
94850
54601
4925
75204
74850
32478
83388
72278
12588
85579
85914
12597
49670
328
83016
49581
20460
11246
43308
30607
17236
94720
95223
93337
25252
38243
28060
96482
96508
10405
42924
82490
2517
96429
6144
30660
72642
41670
57560
54450
76108
29632
31312
76188
30687
37723
22166
29769
79682
23328
61540
6483
74451
7308
52507
130
59378
11588
49951
36606
4417
86906
75769
2183
42655
3423
10079
53240
94183
52355
76938
78790
53686
88858
54499
87603
63407
19034
62650
87529
16076
98291
16800
73180
48865
36440
8038
95209
43922
6014
71281
61054
91718
20953
50032
89201
53863
29129
33533
27263
27643
68926
35586
27326
46389
82750
52797
85592
52808
64903
36722
40344
48937
62422
20530
6126
70106
2589
53317
6214
95385
14870
9317
88168
81074
15883
87071
32732
38825
65297
33740
34278
85501
35387
59885
47150
62705
89473
26790
66114
83643
22446
42400
79019
69292
30937
12117
29296
423
43906
19095
51273
75811
27318
31878
12773
59609
47417
46252
30505
95679
20064
46766
87510
31163
2443
54842
13550
2537
73379
43421
80632
75798
87202
22571
72939
72469
30298
18876
50136
3766
57774
32309
94919
46202
82466
58467
58183
3509
47111
87540
15287
43221
96284
70435
63578
75679
54890
47855
66848
76094
98567
26759
27043
485
38462
75475
88608
4746
58939
40304
29310
28540
96115
26739
37904
87755
51847
41308
48696
43976
96659
10040
55425
85838
28133
37411
79513
16767
58993
97259
17579
82442
52028
74041
5198
31015
5265
94434
7739
6991
69858
53436
44570
6807
58230
86747
47105
69545
32531
75822
23831
13581
99159
22871
79434
88526
71334
41204
72351
1051
95961
71841
45753
61679
22724
46868
76511
22073
21540
6888
82489
57413
33568
41705
74118
43223
65470
48617
27608
41385
90305
9968
84235
83170
73428
3997
83283
29156
94607
16672
59681
64061
22082
6688
11029
98017
7682
82891
84083
11361
10235
25031
48004
25643
93333
66418
80013
57453
48753
36211
23056
22716
13595
30966
10745
85993
87606
62582
88250
18727
63584
47354
27466
4868
47207
18428
35330
26879
30675
76100
35541
82579
64534
16246
31149
65273
61963
58592
89837
7009
23983
25829
80403
58395
93616
36964
50465
91115
95942
25036
10411
45099
94640
65356
47777
62880
97565
43136
78435
74904
31087
53134
26778
72652
670
40476
58182
97349
99816
45471
24030
29014
72744
81241
94743
37754
66951
69070
11252
10243
67962
44214
30936
5638
65689
90441
87939
99177
68469
68268
67708
18826
80156
14933
75921
70849
99051
7750
57725
53139
78781
53116
91298
50470
1006
81396
72354
13398
70612
10022
95929
28494
31884
68192
6941
86873
22197
21139
6962
10228
52536
59005
28879
31548
77763
5203
48857
57811
5320
23893
38703
59200
11344
58112
31461
14846
52915
80466
4632
84292
18086
74541
28564
58446
72339
39214
86942
11963
7991
89048
48652
77911
788
47497
602
19776
24236
59750
72707
95803
32539
14542
8078
46719
71319
36728
17149
73771
36731
92095
33957
41731
16507
22669
92142
77995
30440
70432
59208
38548
18260
36894
49820
16271
75241
60791
58412
63847
57510
11685
90609
93165
7758
8828
51753
3543
66462
81845
87127
35611
22065
13171
75232
15896
55091
6921
61404
78118
55355
22606
89335
53804
541
34159
77542
95644
64722
91806
71477
10528
78315
53301
16260
25045
1485
40791
33972
7678
70915
88598
11533
48594
83305
23597
16483
5088
61662
33924
61180
68320
99386
80294
8492
34903
22349
36805
92623
73599
31286
56109
38821
74655
10368
76599
57295
68763
96910
50186
14410
14299
72948
53725
7202
66756
11073
40741
70498
76943
17675
72453
33981
30797
30626
3157
11141
98020
44809
81357
2695
64679
48168
60373
76392
14806
49777
36877
