6705
66302
47720
8178
11475
19513
46881
95371
45661
73092
41735
23830
81608
66306
15679
55924
58832
22127
8023
44029
7211
65458
59274
23954
15553
47491
49731
66130
12575
77332
92396
16979
74195
2515
63793
10641
69955
64275
22506
11284
83744
7785
65480
24928
3073
57527
21087
98372
32489
4449
17560
92678
41753
92848
31014
41247
7027
23766
92625
63984
69782
80750
82796
68328
80695
24756
49634
79092
2513
5037
85968
94556
99621
96739
60284
99426
99978
34346
20880
58025
26404
51358
33641
8126
59772
99717
75225
81347
71501
22545
3614
46188
71650
58521
41501
2994
24989
97151
44232
78316
7892
41994
95858
27451
18480
23003
93056
45014
32564
31588
41269
72680
2885
34599
37580
18423
47109
74669
8555
80977
49530
68287
7590
79968
1422
39780
22906
41099
55237
57290
74437
2826
90113
42564
50133
84409
55499
6190
89646
36768
6661
30211
48783
39913
81275
30934
43303
37051
20941
23078
55885
50319
88595
63254
28785
39604
34403
15890
26028
78700
97
51956
89776
75273
57151
38443
82567
60321
84465
53170
62923
40918
85023
71787
74316
19319
19504
67677
98693
70488
96477
85855
20158
32159
1404
24117
14230
26858
13778
10528
50005
39609
80161
10946
36671
54704
40434
73509
82762
42831
48367
82981
52585
67771
60154
14966
65295
16808
88938
9466
20100
66726
17196
55539
82222
14242
31798
57617
73869
33033
24213
55708
46543
73937
3165
23313
60757
74077
35115
19611
78884
45995
84915
55861
22121
13495
33270
52386
72004
86438
58822
97421
37920
4311
90427
83279
22413
24621
28723
22428
22906
82816
99640
49728
18618
92658
36438
78647
64606
36841
54209
91217
81693
69326
30581
74105
81810
61335
33417
68727
80972
79411
85613
87430
74210
26791
17787
42231
83509
19885
900
36135
45354
12686
96705
96067
46355
35186
37242
29462
77056
54622
87780
35162
32228
67604
15728
68593
73730
16322
1469
61078
91203
59995
41456
43494
97203
12209
75518
91826
74871
94207
95137
44720
35940
18074
45863
69006
72621
34513
27749
46623
24092
3954
91671
26349
91630
50450
55201
6605
11063
49193
68500
67186
18416
39822
44931
85358
71229
53211
98864
34145
59668
45416
54591
82849
59484
43060
99221
14154
21741
46722
95972
39216
88573
54845
36986
87249
68324
15107
51863
46752
57007
68912
80763
25677
25706
27950
26304
96118
73143
60504
97776
19409
35649
93603
86955
78675
49363
8821
66864
48570
51228
41046
84864
64341
53221
29284
78613
63570
2836
57682
17034
56122
1347
52111
77137
90756
64652
28914
57142
31534
16755
3103
41011
61236
48945
76562
3566
94969
67890
58310
37885
59502
48242
3292
95524
15960
84047
16421
72456
96421
49336
62733
93282
15460
43470
41653
18062
83538
16465
96198
14022
20448
51679
35330
31814
48125
35
23628
15395
76658
25718
83644
