19644
87533
49065
41065
91246
69737
71345
38401
41467
93112
33390
31222
60695
55743
55237
84844
43423
69132
31731
88726
52204
45524
83069
82709
32157
34353
45153
98120
11969
6630
2437
51554
65852
88198
37921
98605
61368
64456
80210
23286
5928
36048
16316
68331
55501
91499
60397
42670
64044
7437
57436
43024
93932
95977
19796
74120
4464
66356
8908
56893
24583
73224
26431
34836
90675
81836
65369
72497
17822
56632
23475
78967
88922
8445
82797
16156
29207
14737
27208
40657
73955
2483
34076
4531
49193
59412
57621
69874
68401
63800
94141
95012
55547
23317
98703
32704
9616
81479
77656
73664
26130
87899
24848
7412
83962
78468
54102
85487
13180
3640
44913
89726
39148
68251
82937
22099
39148
21900
85642
31262
24214
95494
4096
54022
62491
28463
23419
65604
9742
50093
6540
47728
37081
53543
14526
86056
77635
26664
20569
70725
5310
72134
56694
64761
18887
4414
55863
87296
40380
76603
93556
87716
95836
46394
49449
30635
83803
70825
44920
55498
55048
88497
75744
63086
97100
97184
52645
85604
53724
96881
44464
12484
1330
14917
25951
52080
38799
39334
35134
58077
72599
36123
25224
33139
56537
18823
51891
90686
4093
83891
2252
6809
81743
65070
15676
16812
96389
93608
67661
21702
51769
70259
33572
43499
32138
81072
86385
80918
20442
97369
91835
44468
35691
86843
82899
18925
63273
42605
6549
78276
45293
61958
81510
69833
94628
37655
30740
36259
99241
9138
55690
45191
71673
13431
6307
2340
2550
81725
1000
75465
32438
70972
70244
6724
92055
57783
71117
94900
82171
96750
53539
53784
87058
89384
76409
89810
88748
63739
48870
94483
50331
50125
81677
11303
41678
46644
72795
22259
80535
80558
16374
81548
41605
31084
45838
74320
91714
74786
77778
36845
66537
35840
54088
2490
55599
1906
58132
82288
37022
16497
13591
38811
32854
6516
25133
82312
89294
58940
65045
45410
84988
48858
14364
1612
80376
71990
12178
55974
43546
2088
98096
13961
85961
12025
27946
14491
96037
79187
55703
39772
88511
90506
85237
64038
66966
77562
48693
35088
5950
63525
85025
32773
9741
32367
51856
17679
21476
52475
22114
83608
89727
2158
38742
34933
18400
99630
52850
20829
78570
10642
86275
10107
3236
25273
56899
94481
63620
50326
34645
2813
23296
77089
50023
80021
17062
65323
4220
53593
60168
10267
93014
43561
57073
72094
50044
86352
51764
50303
45637
67336
24712
27864
56518
95308
77249
74918
29536
84467
75467
57375
54058
71150
17829
19300
60312
12637
52135
58720
17871
53077
95409
99256
60660
68302
17627
42713
53034
31142
75228
70546
42717
13317
4688
67309
78101
95432
20570
54714
2771
42144
35787
19752
78125
2793
56209
21864
25731
37772
11782
37406
34217
93043
32431
92560
71926
25455
67204
88216
77681
34535
21883
98394
9238
4921
14657
40740
66461
50520
41199
64880
92066
97420
55948
75727
17290
75656
21130
57867
12093
95762
16982
15261
19359
37822
36328
49673
80885
12128
95382
52646
28227
32354
77033
68235
20260
37392
10514
73204
88135
15468
55403
75211
96573
46902
45339
36797
37094
56704
75270
96269
4324
9337
76122
81918
17553
6621
79034
71416
68592
64984
59854
54333
55137
88553
36652
59712
20386
87713
55467
79897
65142
47926
69731
96624
40359
41770
18688
72456
92482
99531
12578
24181
36858
99113
48321
18890
56232
95115
50682
13638
58357
39097
4612
23151
55614
1069
20074
8019
10250
85627
16411
49381
1237
95372
31126
56398
39605
79497
41558
75783
87933
6578
78933
69061
52405
35672
17475
56024
40231
17761
3480
25270
37030
41828
21539
26045
43314
46579
41010
39289
21696
10668
62205
6854
83120
63197
22944
41485
67986
91923
79285
76734
53556
74899
25705
51779
60163
35550
70746
19941
83594
64049
67788
92489
82147
91140
12350
59408
73833
5081
13084
93026
38486
2269
54086
77264
44372
72079
85941
89208
12728
75990
88038
48308
38476
26745
71714
62131
16123
69760
65881
7763
75833
21069
55695
57646
42880
69716
24707
91979
50846
63535
67652
62904
78839
86258
38247
51287
20812
48441
7406
88084
49609
81538
7212
7604
76011
19479
54012
55401
19425
50218
43285
4072
39200
5320
17192
17417
46574
96439
34383
74655
47371
93961
38361
49192
8337
25133
69469
52217
88497
20427
41319
67682
62353
77796
58154
94295
13856
48090
81634
23401
15704
69305
72554
627
20250
63579
23703
73518
69066
20830
4713
24372
14058
32750
40713
55647
43176
58019
99266
50878
50010
1795
66904
98998
8899
75603
41719
61403
47166
22897
3560
98483
14805
10982
58951
78065
21407
37734
28942
44758
1429
95951
83151
67667
15714
16946
53624
29602
37083
2506
51118
55837
48824
30756
73390
13908
2401
73555
91727
44647
21860
62299
26351
46168
17269
6229
