3075
73799
62647
34240
5441
29077
54507
49448
54059
18643
99236
83284
91952
21979
12116
24320
44660
71778
47723
49658
84048
37591
45042
75664
47851
46006
84294
22898
39129
69599
36982
50397
9484
7379
50548
55803
74435
68266
45677
26759
94316
81308
19330
95265
3164
90271
99774
22668
9743
37979
81691
74389
69546
56571
25519
65484
28756
86983
86388
59435
44782
31609
10318
84460
81660
48838
73799
84573
71430
56313
49884
76394
26101
20963
55342
2739
18260
49777
72499
57579
46231
61626
13155
1150
87908
62593
80851
52913
81859
85064
27047
87452
81877
86241
81976
62707
70990
34870
13604
54325
16471
15201
51237
53430
88094
5296
48288
48582
1229
22779
47223
78978
14483
28808
13203
83156
18454
9167
96551
19067
67987
20886
2714
86366
29265
62431
94516
39859
38987
92635
31749
83390
36173
18173
41108
31030
10388
59724
13056
82611
14304
32269
51684
59080
37840
48069
72969
53068
73037
98820
44252
61822
38319
94536
86338
95585
12486
64870
24164
25662
10780
8428
9594
8594
91030
63833
42804
96310
87700
82173
72768
58729
96111
13940
4763
35718
69202
43633
48526
81196
89462
41447
66821
40167
48382
69926
