23452
61960
89759
860
68823
65541
5678
26944
92968
91134
3102
40644
92037
37318
34549
44450
34157
13254
98650
29041
17261
77118
23394
42081
44031
23847
5247
76956
38362
68209
47421
60385
16268
93693
14306
67512
59871
10453
81221
17221
23040
11893
36243
58830
43250
24172
31680
14871
33796
2649
45336
82803
2955
3885
46990
46334
38565
47678
56828
44976
60293
28722
88582
24758
43712
42716
24375
98343
23011
67036
84579
23703
32032
81428
6000
5367
40875
64564
98830
19858
92167
90376
43159
35713
22873
64617
57429
12383
46702
67972
28946
12192
53624
36245
56928
94317
23311
11484
15117
533
99797
33336
91860
66760
18069
21632
50770
21526
97884
41622
5458
74001
48847
36970
52809
69917
85563
52868
1885
79095
85286
11992
51641
55038
38089
72386
70078
95787
24500
11682
82056
29390
49447
98297
20061
58830
98515
76398
17643
1240
13847
35902
14498
5080
62513
54945
63345
16654
83436
87010
8754
70443
9599
36021
15246
87804
81695
36822
28670
45683
51554
54983
97026
86201
59566
76068
24553
50549
16909
93978
71401
9164
35225
644
65248
49384
97493
46560
92524
83144
9041
53424
12351
37489
2928
11613
19791
13425
83051
32256
77135
61693
47728
71960
49686
58863
38876
28297
45513
86445
30391
12795
99744
89457
15608
99589
35217
8954
70773
65862
90311
35134
44297
45525
36641
98129
42632
59537
83273
47953
56276
11128
67498
84653
16842
9708
61435
63264
50958
6384
10507
69196
1047
6078
52753
96245
53679
22893
21880
3338
76395
10837
42651
17188
41945
42001
17395
2203
35318
51556
16231
79338
45024
97560
30169
19263
45296
15091
72614
5900
38153
71953
57995
64389
55354
21114
34087
38218
92772
40396
44449
19738
37657
79934
71558
45438
68476
50309
42707
74841
92313
59232
27946
99401
90152
31168
24172
3486
75909
33489
50948
38588
50279
15980
65184
4441
52841
78262
61834
20830
7914
79176
9430
94922
7106
96493
41681
65089
26002
84731
50786
94987
72383
97773
13586
78921
44007
58593
74236
24185
96942
30600
62309
59282
89447
5861
69459
21676
14749
67116
92596
90214
88475
21877
66926
13136
49802
33023
92295
93659
89487
59082
77484
91178
82702
55961
66204
52505
2393
86263
60434
94248
4025
37648
23887
77313
16866
50147
5474
1245
27033
20004
50339
58885
92134
60572
6511
50505
30846
449
29119
10983
66298
80576
34698
37859
53116
71131
76580
33485
39656
16953
19283
28486
6681
98348
86188
50827
97989
89613
96269
99654
27548
91049
66626
69482
8743
18598
99043
22130
49450
15699
21659
1943
57144
49451
27949
23449
2949
86028
24197
45735
73567
71989
61589
10079
721
21852
52204
93786
74384
55683
52516
41233
4179
29464
83434
75249
13950
65216
29116
34518
72087
54449
84035
23957
95294
17339
71342
57230
70398
62739
47877
11961
65415
50534
26086
55559
29459
56546
68760
86890
66393
5257
47745
93766
63182
80425
97764
27679
66016
52700
9498
37733
56911
89678
73647
19117
87954
37632
14785
83382
50510
94974
23387
11644
7806
40554
75817
53645
3378
27875
45789
57404
96455
42226
68124
66830
6704
90268
60774
14868
19575
43663
91213
17698
53240
10144
55049
75736
76886
6968
67605
91827
41760
85378
36380
71419
81869
36100
85960
22627
4608
44118
24300
38141
6910
52094
41277
14685
21554
6817
12413
97685
76857
99916
63807
6847
3760
5689
58404
97661
85504
80
76758
96409
60269
53962
15643
11077
5846
96704
84960
70603
4307
38146
10260
75456
19362
53071
10787
1146
68866
40364
54182
70068
94554
69920
14969
41844
21570
29532
67658
76180
77696
88298
37122
4528
67359
27891
77872
52948
36451
30200
8839
24849
21856
41810
93377
38711
89656
88351
87484
50689
94902
57258
28795
45140
45897
6690
1855
90349
38992
73798
89506
76313
29045
8780
92906
16009
1023
5732
8096
91471
75199
57838
64694
38666
31525
29332
48211
52744
76542
76258
52187
33219
42048
16969
81278
20438
59503
91982
58630
60669
26036
87522
13955
62652
40693
32525
95803
13076
48904
77368
37687
83924
80254
96013
75490
37063
92563
90128
13614
16565
58478
49111
13806
62734
21611
56286
34264
12076
27502
72468
56505
9041
47102
47426
65434
87676
43883
2042
97972
98999
33529
35135
3840
99174
38571
68263
52965
46034
41479
44214
27875
69375
78368
42065
