76925
73715
51221
41041
84406
98260
83727
85573
76435
20862
28645
36822
32827
30578
87813
93179
90520
92155
14614
83035
23342
45270
14632
24162
53347
3321
88230
70596
83287
44593
87130
30673
5037
45235
88509
13960
92661
61001
13566
739
49801
49561
27404
78311
9925
31441
20137
15456
53665
51034
37354
77219
63753
59029
78848
31654
59083
27059
87693
81085
10030
13131
2286
31842
33732
97972
31785
87592
42068
73853
518
29519
78589
13875
33234
73780
17866
36321
14236
21906
83184
72774
16930
32252
7238
9911
66919
46007
66386
56855
54877
65602
73307
32480
90708
36670
47275
95562
44578
11953
99656
32544
73387
79812
50516
7835
98629
49877
25794
5067
13787
22761
12822
65787
97900
37256
96200
70033
24603
