31052
85777
21206
85213
18976
34916
56211
46108
23167
96563
26505
22304
91742
2283
22249
50640
99386
37118
81736
99403
11281
17042
20213
61318
43068
32115
52780
7520
34580
53451
40470
77241
70958
20757
80900
13879
11337
88174
60835
15600
51623
52520
26710
29230
78562
91483
31019
10538
43537
47260
37869
59081
88297
25200
12539
14010
65564
59888
42145
86860
82136
48691
11528
69715
56093
49264
51346
70985
21383
8370
39302
11212
76282
66136
47779
58760
90332
90982
82756
51585
1096
42241
63982
87319
15582
81388
88943
45758
8217
66890
48315
51449
46029
73975
33464
2932
40991
56994
73137
29297
40136
60033
89155
35167
7957
26657
82799
22161
77420
53778
23678
74582
77132
90559
85764
39894
84709
24209
54133
74704
60320
5587
62767
54492
60055
87853
65183
2307
32672
44847
17769
33337
17844
53458
11448
41062
53086
28815
79361
88924
98589
66782
68338
54438
43212
73733
74316
55469
88210
93569
18223
16782
2861
98432
68977
34549
97266
34662
75111
20104
61474
80491
89489
32572
36009
90340
56737
23674
79111
44702
86807
55894
44847
65208
76115
93538
37249
8328
11280
86322
13536
9713
14097
39102
26624
986
30475
19412
84480
76898
43795
18423
53703
59257
27450
18098
77292
35765
18429
52871
16995
50642
76357
43508
6761
62329
71934
37653
22317
75439
97299
88937
23382
88789
6567
51760
66394
50386
5948
35022
59865
37325
39193
2212
906
68384
2190
85590
37757
58017
16245
1484
89899
58408
69326
62894
33356
70588
32340
64295
29052
92822
97094
9041
79599
54858
95041
64914
52689
75690
51703
26905
29816
83406
93006
79670
11448
74144
42602
38377
60138
86344
99895
64299
59194
95814
99038
64974
19462
43673
18403
95805
18046
41653
5970
67042
40230
30152
22613
46048
73343
37276
32900
62066
6313
89339
71667
6493
65402
89656
51445
59212
27986
93962
4156
42707
92926
32794
49847
83784
55819
30066
45452
9016
57287
55897
8859
88163
77435
25963
39439
81296
51531
96554
