24950
16658
4478
70047
95613
90692
62015
93034
58548
13644
61970
29688
84549
45996
31510
92930
62466
81802
74955
89058
85276
1474
6819
47051
39664
98666
91866
28758
34099
28
98052
97796
27665
43241
99987
66870
34165
84154
8085
28389
22232
60785
95423
38714
81846
52043
25098
20498
83245
438
43381
86147
51826
67492
46355
23476
9838
57427
30383
96946
98825
33256
58934
58520
15591
64174
2023
41308
46008
64640
58765
78311
73717
46565
66825
24491
6051
68104
65204
87621
73568
71368
45512
33661
56646
11905
45969
60172
96886
76511
57031
76738
53771
11138
29563
88975
1851
36902
23123
17672
50019
83789
74489
18605
41673
65070
12429
5260
666
21864
17424
41734
92223
42762
23378
27457
87744
25273
1874
3686
18204
41850
44421
69496
7608
82026
24540
62579
17002
77850
22640
69148
44981
47531
37601
89778
96878
26906
91987
91576
99475
40708
59505
75022
59087
15297
84514
11008
87759
2106
1231
76577
35028
19437
99468
8169
39367
4992
10997
59646
40529
49850
88258
22816
99224
48275
96752
44692
5161
33600
30578
60837
33285
10297
4210
77495
82344
69399
10409
92310
97512
13531
74819
14895
76618
46062
34120
25544
48062
29431
50410
91885
15909
32341
51046
49625
52449
36689
75798
10811
18545
39822
5847
54159
71528
40393
43292
24731
15226
21972
25824
69968
94583
18686
62134
26998
75030
73363
46197
53161
14155
71208
96629
75729
83189
38692
44928
943
59250
54584
25045
45655
93601
99597
73765
57689
7683
20659
43366
36225
2770
9388
10317
26089
3607
80442
97302
97223
70207
24048
74594
79085
90491
22636
96656
47336
43192
30118
70970
32835
95465
42348
65480
60641
96927
80169
76367
94985
44920
4444
19314
54370
29997
9972
50391
4766
60890
70540
72122
2747
41390
47705
30736
35201
79989
45959
55163
70964
2941
26428
14497
77565
49689
10531
40759
60421
43908
49675
29162
23437
4074
2317
52302
65763
4734
20224
49088
80519
72245
91889
86446
72652
57996
68222
91445
47760
11612
30278
80651
50967
25006
5402
92043
18491
89947
41748
4681
19465
69212
89969
60858
11214
41377
48684
98672
39073
95402
64972
30467
59765
96870
74643
98719
11052
39982
41844
19569
81466
19085
92999
48809
13629
69023
78195
98431
98671
10273
33811
75816
62985
15542
29623
11307
82275
31030
75231
31275
9311
69549
52371
52357
46639
99811
20886
54096
50362
6683
80990
78509
48102
22179
23214
379
76212
