81405
2431
41616
40825
15567
43594
89376
17404
45316
56681
16995
81877
88896
5459
17115
35449
29987
92346
20025
78284
50430
63787
69180
82064
62965
73091
63502
35750
10148
83184
53295
29183
7096
85922
87169
4553
65917
86640
69756
26570
92681
61269
79803
90653
71327
29077
12288
21109
92642
926
90672
15155
20721
42957
84229
17618
33250
59551
77859
42476
80092
53626
7256
62132
3386
87812
74780
2973
18290
12561
69531
43347
22589
93455
85602
89160
83984
78527
10737
33887
60802
42392
43107
9221
92512
38139
8462
64138
1692
69550
71302
6365
8780
27280
46478
39055
54013
17670
87267
83514
54296
9315
2819
80080
31395
47325
92565
27265
57355
95068
33633
54723
48814
43971
81674
37699
10518
98034
69620
65246
79350
10641
1280
48739
41258
63165
34566
95309
46977
46547
35147
66313
91260
27222
79590
51486
39572
63026
77826
45186
45573
81196
6783
6624
35917
16579
57551
64808
45605
8778
28536
55979
48050
22020
4164
43655
8034
54080
38822
68229
12758
97255
80288
10807
59921
67320
63462
21591
64381
30187
98127
47491
20208
24433
19673
98154
3858
94656
12822
24679
5614
69758
49704
38199
18010
79167
18262
69239
23058
35935
43452
85491
24204
9596
32428
48317
907
95976
46702
68596
53116
35959
427
15417
10650
81045
35771
23617
2346
6010
39797
13378
41258
14143
62615
43000
47551
42089
92797
80753
49057
94222
98533
28445
86735
12635
23286
10611
92004
71356
97246
7881
47953
44225
71562
69655
69330
34287
27548
36965
43396
94644
66893
17048
96138
30074
44232
10061
46981
89428
766
58818
3179
65949
19538
58893
37425
71981
28681
98014
57758
25159
31613
30990
8763
31915
65424
97033
42580
92960
73669
13264
14540
55831
37356
54413
27329
81485
32306
56661
68403
13225
63630
2576
70590
38427
4702
82003
24686
12668
32229
97348
5605
29533
79206
18237
63031
35902
8284
64223
64649
47199
67480
54020
15758
87501
44277
47347
28592
65125
31564
55940
39675
72020
29611
44533
61529
29036
60400
70336
27212
83421
72346
29912
60730
76320
7658
85007
76625
19119
91381
91427
73200
68083
92012
21203
45744
9609
86817
83088
94149
57355
53410
59560
81104
76289
57673
33585
99922
34673
56707
33995
75502
37948
37010
81228
74852
37568
93290
39438
79843
59270
70722
9473
73744
40137
82739
71591
80007
8407
98789
51919
42218
77312
76186
69856
30010
12785
48807
84441
18646
74073
85084
41951
62411
57386
15924
35252
31072
10784
46350
8175
16319
47379
3245
34878
86633
43937
85816
40967
93549
86082
53577
91514
35884
4788
91776
98190
61761
67154
51218
