78209
48177
71815
17542
75732
25649
12270
40620
13415
57507
77910
75121
92744
94021
20564
3525
6219
54002
19069
8639
41670
80595
33751
7108
68565
64300
81841
80843
46085
76445
50935
44723
58923
43826
14283
52454
33743
39387
80636
27922
45401
64042
47593
3097
69965
79718
93179
78357
65724
31210
60303
23885
65192
55063
83567
97614
14426
64706
48977
11431
43808
31427
94535
36969
6571
33187
16198
48918
79737
68109
69782
66831
73366
91146
63237
77627
33002
30653
37142
88846
71121
3483
15118
14874
16142
27049
79531
3859
60258
16669
38028
69037
90410
69204
84114
13974
69506
10623
96525
36777
63520
44261
98619
97615
61428
93471
50519
74045
91825
5939
64611
83772
27563
60130
40310
40324
16308
79661
20826
79522
53656
12338
88659
63067
30080
744
76421
4161
7032
49262
8120
22378
34128
364
25326
26859
4863
17503
53445
22670
76529
5485
12034
54318
52058
54256
41473
30279
28893
43790
97666
89845
89796
17003
83121
51181
55601
35552
67534
60683
17050
46357
67013
42562
97818
42232
49644
27198
34804
13451
35461
98804
26215
98156
2992
48170
304
34341
11009
75824
59271
46142
75268
63242
51596
18275
32582
17124
17243
74144
71258
69311
49969
92761
5620
30171
38472
69471
56499
9825
4612
14274
95475
15442
8328
98861
63630
91640
14010
34950
50877
21260
24542
91710
1412
70908
71089
3770
90966
79543
9650
32519
9955
60660
42192
66149
48835
33453
92535
72821
9698
30833
77841
1184
71211
44996
50666
59825
54913
52735
54645
40941
3114
82292
23266
49998
44769
58258
91349
34712
59082
34701
78504
76956
174
72093
4319
34815
73249
42179
50025
30176
99105
41189
25252
20044
43418
23357
20498
56416
20241
11263
48857
38230
24898
68709
29404
27662
37393
92194
21380
90576
42104
57822
13739
74996
52328
885
1010
99118
40676
15851
86575
12733
2709
24468
41835
61925
57039
3222
6579
21411
37759
34932
14471
47818
85844
40274
52057
31464
42688
76657
97421
81055
20798
59448
88072
41282
27450
50256
67716
42532
22347
21380
15739
4389
24688
