99999
99967
99959
99923
99915
99911
99887
99879
99875
99863
99847
99831
99827
99815
99807
99803
99779
99747
99743
99735
99711
99679
99643
99639
99635
99631
99627
99587
99583
99547
99543
99539
99527
99523
99515
99487
99479
99459
99435
99423
99419
99399
99387
99379
99363
99355
99347
99343
99327
99307
99303
99295
99287
99279
99275
99263
99227
99223
99211
99207
99187
99183
99175
99159
99115
99099
99087
99067
99027
99023
99019
99015
98999
98995
98991
98983
98975
98963
98955
98943
98939
98915
98907
98899
98891
98871
98867
98859
98827
98823
98807
98803
98795
98787
98783
98775
98743
98715
98711
98707
98703
98691
98687
98671
98655
98639
98619
98611
98587
98579
98575
98547
98539
98535
98531
98527
98487
98479
98467
98455
98451
98447
98423
98399
98375
98371
98363
98359
98351
98343
98323
98315
98307
98291
98259
98251
98243
98215
98199
98191
98183
98175
98171
98159
98143
98131
98119
98107
98079
98063
98047
98043
98039
98015
97991
97983
97959
97955
97935
97915
97879
97863
97859
97855
97843
97831
97827
97795
97791
97779
97727
97719
97711
97703
97671
97635
97631
97607
97603
97595
97587
97583
97579
97559
97551
97547
97519
97507
97479
97475
97467
97455
97451
97439
97435
97415
97407
97399
97387
97371
97367
97355
97351
97327
97323
97315
97307
97287
97279
97267
97223
97219
97207
97195
97175
97143
97135
97107
97083
97079
97055
97051
97035
96979
96963
96947
96943
96919
96915
96903
96887
96883
96879
96871
96859
96839
96815
96803
96799
96787
96783
96767
96763
96759
96719
96703
96699
96695
96691
96679
96659
96635
96615
96611
96603
96571
96551
96543
96487
96475
96467
96463
96455
96443
96439
96419
96415
96383
96379
96375
96359
96355
96339
96335
96327
96323
96315
96283
96275
96271
96259
96239
96231
96215
96207
96199
96175
96171
96163
96143
96135
96127
96119
96111
96107
96095
96091
96087
96083
96059
96055
96051
96047
96043
96019
96015
96011
96007
95971
95967
95963
95955
95951
95939
95927
95923
95907
95903
95899
95895
95883
95875
95863
95851
95827
95807
95799
95767
95735
95731
95715
95695
95659
95647
95627
95619
95611
95607
95587
95567
95551
95547
95539
95535
95531
95527
95519
95515
95507
95495
95491
95487
95475
95459
95451
95431
95423
95407
95403
95399
95395
95375
95371
95367
95363
95347
95335
95319
95303
95299
95287
95279
95263
95259
95243
95239
95203
95199
95191
95175
95147
95143
95123
95119
95115
95087
95083
95075
95047
95035
95031
95023
94987
94979
94967
94939
94935
94931
94911
94907
94903
94899
94879
94867
94863
94843
94803
94795
94791
94787
94775
94771
94747
94739
94727
94699
94683
94675
94655
94651
94643
94627
94623
94619
94611
94595
94591
94579
94571
94559
94555
94547
94539
94535
94507
94503
94487
94459
94423
94419
94415
94411
94407
94399
94395
94387
94383
94379
94331
94327
94323
94307
94283
94271
94251
94247
94243
94235
94231
94219
94215
94179
94171
94163
94127
94095
94087
94075
94063
94059
94051
94043
94039
94035
94019
94011
94007
93979
93971
93955
93951
93931
93911
93907
93903
93891
93887
93875
93871
93859
93843
93839
93835
93827
93823
93819
93799
93795
93783
93775
93771
93727
93723
93719
93711
93703
93695
93687
93655
93651
93631
93583
93579
93571
93563
93555
93515
93511
93487
93479
93471
93451
93443
93435
93415
93399
93391
93387
93383
93379
93371
93363
93359
93355
93343
93335
93331
93327
93323
93299
93275
93271
93255
93251
93223
93215
93211
93179
93131
93111
93083
93075
93059
93055
93051
93039
93035
93027
93023
93019
93015
92995
92979
92963
92959
92955
92943
92939
92931
92927
92919
92911
92891
92883
92875
92871
92867
92863
92859
92855
92851
92831
92827
92819
92807
92803
92799
92759
92755
92747
92743
92731
92719
92703
92687
92675
92655
92651
92635
92631
92611
92607
92591
92579
92575
92571
92511
92491
92487
92483
92479
92463
92459
92455
92439
92435
92419
92403
92387
92375
92371
92359
92343
92339
92327
92323
92315
92311
92303
92299
92279
92271
92267
92263
92259
92231
92227
92223
92199
92175
92171
92167
92163
92151
92143
92131
92115
92099
92095
92087
92083
92075
92071
92067
92063
92043
92035
92027
92023
92011
91987
91979
91971
91951
91947
91935
91927
91923
91915
91911
91907
91903
91895
91883
91875
91871
91855
91835
91815
91803
91779
91775
91763
91715
91707
91703
91699
91691
91679
91675
91667
91655
91647
91639
91635
91631
91615
91571
91563
91555
91539
91523
91511
91507
91499
91495
91491
91483
91479
91471
91463
91455
91435
91423
91403
91395
91379
91359
91339
91315
91307
91299
91295
91291
91223
91215
91207
91203
91195
91127
91123
91087
91071
91063
91055
91035
91031
91023
91015
91011
91007
90987
90943
90891
90887
90883
90879
90835
90831
90827
90799
90795
90787
90783
90771
90763
90743
90723
90711
90703
90691
90687
90675
90671
90663
90655
90651
90627
90607
90599
90571
90555
90547
90543
90539
90527
90507
90503
90499
90491
90467
90463
90451
90443
90415
90407
90395
90383
90347
90339
90331
90315
90303
90295
90255
90251
90231
90223
90219
90211
90179
90131
90127
90107
90099
90087
90067
90051
90047
90039
90035
90027
90015
89975
89959
89947
89935
89919
89891
89887
89879
89871
89859
89855
89843
89811
89795
89791
89775
89763
89759
89747
89711
89691
89687
89683
89671
89659
89591
89587
89583
89559
89555
89547
89519
89515
89491
89483
89479
89467
89427
89423
89411
89383
89375
89367
89363
89359
89355
89351
89335
89323
89319
89315
89295
89271
89239
89191
89179
89175
89151
89139
89127
89111
89083
89067
89059
89051
89023
89019
89015
89011
88999
88975
88943
88935
88923
88891
88887
88883
88879
88843
88819
88803
88799
88795
88787
88783
88779
88771
88767
88763
88755
88743
88739
88715
88711
88703
88687
88659
88651
88643
88635
88631
88623
88611
88595
88591
88575
88567
88563
88559
88555
88551
88531
88523
88511
88499
88487
88471
88451
88443
88419
88415
88395
88387
88379
88375
88371
88347
88319
88303
88299
88291
88275
88271
88263
88243
88239
88215
88211
88203
88163
88155
88135
88131
88127
88111
88103
88095
88055
88027
88023
88015
88011
87991
87987
87983
87971
87967
87963
87959
87939
87935
87907
87899
87895
87851
87835
87827
87823
87815
87811
87807
87771
87747
87735
87719
87715
87687
87683
87671
87667
87663
87659
87651
87635
87631
87623
87611
87591
87587
87575
87571
87551
87507
87483
87471
87463
87459
87455
87443
87439
87415
87411
87391
87387
87383
87355
87351
87319
87311
87307
87303
87279
87275
87271
87263
87231
87207
87179
87171
87159
87115
87111
87107
87095
87087
87059
87031
87011
87007
86971
86963
86955
86939
86923
86919
86911
86907
86887
86875
86859
86843
86819
86815
86811
86791
86763
86747
86727
86719
86715
86711
86683
86659
86647
86635
86615
86607
86603
86583
86575
86567
86551
86543
86535
86531
86515
86503
86499
86491
86487
86471
86463
86459
86443
86439
86411
86403
86391
86387
86379
86375
86367
86363
86355
86351
86327
86307
86291
86275
86259
86243
86239
86187
86183
86167
86159
86127
86123
86095
86079
86047
86035
86023
86019
86011
86007
85999
85979
85967
85963
85943
85939
85931
85895
85887
85883
85871
85863
85855
85847
85839
85815
85811
85791
85783
85775
85767
85763
85755
85739
85735
85727
85699
85695
85691
85671
85667
85651
85643
85639
85623
85615
85603
85599
85595
85591
85583
85575
85571
85547
85539
85531
85507
85503
85491
85475
85467
85463
85459
85451
85447
85435
85427
85419
85411
85399
85387
85383
85375
85371
85363
85359
85355
85347
85327
85323
85319
85311
85307
85299
85295
85267
85263
85251
85247
85235
85227
85223
85219
85199
85195
85175
85151
85147
85139
85131
85127
85123
85115
85111
85107
85099
85095
85087
85043
85039
85027
85019
85007
84999
84991
84983
84971
84967
84947
84931
84907
84899
84895
84891
84887
84867
84863
84839
84835
84811
84799
84791
84779
84763
84759
84723
84711
84707
84703
84699
84691
84675
84667
84647
84619
84607
84603
84587
84583
84579
84571
84555
84535
84519
84495
84487
84475
84471
84467
84455
84451
84427
84423
84399
84387
84379
84375
84363
84355
84351
84347
84331
84315
84287
84279
84267
84263
84255
84247
84243
84215
84211
84191
84167
84143
84131
84111
84099
84095
84087
84079
84055
84035
84027
84019
84003
83999
83987
83975
83967
83963
83951
83947
83943
83939
83935
83931
83927
83923
83911
83907
83895
83883
83867
83859
83851
83835
83815
83803
83791
83783
83779
83767
83759
83751
83735
83727
83719
83699
83695
83687
83675
83667
83663
83659
83655
83647
83639
83631
83623
83615
83595
83583
83547
83543
83535
83531
83523
83519
83507
83499
83467
83463
83455
83451
83447
83439
83431
83423
83391
83383
83371
83367
83359
83355
83343
83327
83315
83283
83263
83255
83251
83243
83231
83227
83207
83191
83179
83175
83167
83155
83143
83131
83095
83075
83055
83027
83023
83019
83011
83007
82995
82983
82979
82975
82967
82963
82955
82947
82939
82935
82919
82899
82879
82863
82859
82855
82843
82835
82819
82811
82787
82783
82779
82755
82739
82735
82723
82719
82703
82699
82695
82683
82671
82647
82639
82623
82615
82603
82563
82547
82539
82535
82523
82519
82483
82471
82467
82435
82427
82419
82411
82403
82395
82391
82387
82371
82355
82351
82311
82307
82299
82291
82279
82275
82263
82259
82255
82239
82227
82191
82183
82163
82159
82155
82131
82111
82107
82099
82095
82075
82047
82043
82027
82023
82007
81991
81983
81971
81951
81947
81939
81935
81923
81911
81907
81883
81855
81851
81847
81839
81827
81823
81819
81803
81791
81779
81775
81755
81751
81739
81711
81695
81691
81663
81655
81639
81635
81607
81599
81591
81587
81571
81563
81519
81515
81499
81439
81383
81335
81331
81327
81311
81307
81299
81267
81251
81235
81211
81195
81183
81163
81151
81147
81139
81131
81123
81111
81087
81055
81047
81039
81031
81015
80987
80983
80971
80967
80963
80951
80911
80879
80851
80843
80831
80795
80755
80751
80727
80715
80703
80699
80695
80679
80667
80659
80651
80639
80615
80611
80603
80599
80595
80583
80559
80547
80539
80535
80527
80511
80499
80495
80491
80487
80459
80447
80439
80431
80427
80419
80411
80395
80363
80355
80343
80335
80331
80311
80307
80295
80263
80255
80247
80243
80227
80219
80215
80199
80191
80183
80147
80115
80103
80099
80087
80083
80079
80071
80059
80055
80051
80027
80003
79987
79983
79939
79927
79923
79891
79883
79871
79867
79831
79827
79819
79815
79807
79795
79735
79715
79699
79687
79639
79635
79631
79619
79611
79603
79587
79579
79575
79559
79539
79531
79527
79523
79519
79511
79503
79499
79491
79471
79459
79455
79439
79419
79407
79391
79379
79347
79327
79323
79303
79283
79275
79263
79251
79247
79243
79239
79227
79199
79187
79175
79163
79159
79151
79147
79143
79103
79095
79087
79079
79067
79055
79043
79031
79023
79015
78995
78991
78987
78975
78971
78967
78955
78943
78919
78915
78899
78883
78867
78863
78859
78851
78839
78819
78815
78791
78783
78775
78771
78767
78763
78755
78747
78731
78719
78703
78695
78691
78675
78671
78663
78655
78651
78627
78619
78607
78599
78591
78587
78579
78575
78571
78555
78543
78511
78479
78463
78455
78443
78415
78411
78407
78387
78363
78351
78339
78335
78331
78323
78311
78295
78291
78279
78267
78251
78247
78223
78219
78207
78179
78175
78167
78163
78159
78131
78127
78111
78107
78099
78075
78063
78055
78051
78039
78035
78023
78019
78011
78003
77995
77975
77967
77939
77927
77919
77887
77883
77879
77875
77867
77859
77851
77839
77823
77795
77791
77783
77779
77767
77763
77755
77751
77747
77731
77723
77719
77711
77707
77703
77691
77675
77655
77647
77635
77631
77623
77611
77567
77563
77559
77555
77551
77547
77535
77527
77475
77451
77447
77435
77403
77375
77359
77327
77315
77307
77303
77299
77291
77267
77263
77247
77239
77235
77231
77223
77183
77175
77171
77159
77151
77143
77111
77083
77071
77055
77051
77027
77007
77003
76999
76967
76963
76959
76955
76935
76923
76915
76863
76855
76851
76815
76803
76775
76767
76763
76755
76739
76719
76707
76691
76687
76679
76675
76671
76667
76635
76631
76623
76619
76615
76603
76579
76543
76523
76519
76511
76499
76495
76479
76467
76459
76455
76443
76431
76411
76391
76383
76379
76371
76367
76363
76347
76343
76319
76307
76303
76299
76275
76267
76231
76227
76191
76179
76167
76139
76135
76119
76111
76103
76099
76087
76071
76039
76011
75999
75991
75987
75959
75951
75947
75935
75899
75887
75879
75863
75835
75823
75815
75783
75775
75763
75739
75723
75707
75695
75675
75667
75651
75639
75631
75611
75607
75603
75595
75591
75587
75583
75575
75567
75563
75539
75507
75495
75491
75475
75471
75467
75447
75443
75439
75419
75415
75411
75387
75379
75371
75355
75351
75343
75331
75323
75303
75287
75263
75259
75243
75231
75211
75183
75163
75159
75135
75119
75111
75099
75091
75067
75055
75051
75047
75031
75027
75007
74987
74971
74967
74955
74923
74919
74907
74899
74895
74891
74875
74855
74847
74843
74835
74819
74795
74783
74759
74747
74711
74675
74671
74655
74651
74635
74623
74595
74587
74583
74567
74563
74559
74543
74531
74515
74511
74503
74495
74483
74435
74415
74403
74399
74387
74379
74371
74355
74343
74339
74319
74315
74295
74283
74267
74259
74251
74235
74215
74183
74179
74175
74155
74147
74143
74131
74123
74119
74099
74095
74075
74071
74063
74059
74039
74035
74031
74019
74011
74007
74003
73995
73975
73963
73955
73947
73935
73927
73895
73891
73879
73875
73871
73851
73839
73831
73827
73815
73791
73787
73783
73775
73759
73755
73747
73743
73739
73731
73723
73715
73711
73691
73679
73675
73671
73655
73647
73639
73635
73627
73619
73615
73603
73599
73579
73555
73539
73535
73523
73519
73511
73463
73447
73435
73391
73371
73367
73363
73351
73347
73327
73315
73291
73283
73267
73235
73231
73215
73191
73167
73159
73143
73127
73123
73083
73075
73059
73043
73039
73035
73027
73019
73011
72999
72979
72975
72971
72967
72959
72951
72935
72931
72919
72911
72903
72891
72887
72867
72835
72831
72803
72795
72791
72787
72783
72767
72755
72743
72739
72735
72723
72707
72703
72691
72683
72679
72675
72667
72647
72627
72623
72583
72579
72563
72547
72539
72531
72527
72515
72503
72495
72483
72467
72459
72443
72439
72431
72427
72415
72411
72379
72375
72347
72343
72339
72335
72327
72291
72267
72259
72255
72251
72247
72235
72231
72187
72183
72179
72159
72155
72103
72071
72047
72031
72015
72007
71995
71991
71963
71911
71887
71875
71867
71859
71855
71835
71815
71771
71763
71719
71715
71711
71703
71695
71683
71667
71615
71595
71591
71575
71563
71555
71551
71547
71539
71511
71495
71459
71455
71451
71443
71435
71431
71415
71411
71407
71399
71395
71375
71371
71331
71319
71291
71263
71255
71251
71247
71243
71227
71219
71211
71199
71183
71171
71167
71163
71143
71111
71095
71059
71035
71027
71019
71007
70995
70971
70939
70935
70931
70919
70911
70895
70883
70863
70855
70851
70831
70823
70815
70803
70795
70791
70779
70771
70767
70755
70747
70735
70731
70715
70691
70683
70643
70635
70631
70623
70619
70615
70611
70599
70587
70583
70571
70555
70543
70539
70531
70527
70511
70507
70495
70491
70475
70471
70467
70463
70447
70439
70423
70419
70415
70391
70387
70383
70379
70339
70335
70327
70295
70291
70279
70275
70271
70231
70219
70207
70195
70183
70175
70167
70159
70147
70143
70135
70131
70119
70115
70091
70087
70059
70047
70031
70019
70007
70003
69987
69971
69947
69939
69915
69899
69835
69831
69811
69803
69799
69783
69775
69751
69743
69731
69723
69719
69703
69695
69679
69671
69667
69659
69655
69651
69643
69623
69611
69607
69603
69599
69575
69567
69559
69551
69547
69535
69527
69519
69503
69491
69487
69471
69467
69463
69439
69435
69427
69415
69407
69391
69387
69383
69363
69343
69331
69327
69323
69299
69291
69287
69283
69279
69275
69271
69247
69239
69231
69219
69211
69199
69179
69147
69139
69131
69119
69115
69107
69091
69083
69079
69075
69063
69055
69047
69043
69007
69003
68995
68991
68947
68895
68887
68883
68851
68847
68827
68815
68803
68791
68775
68763
68755
68735
68731
68727
68715
68711
68699
68695
68691
68687
68683
68679
68667
68663
68659
68639
68623
68607
68599
68595
68551
68543
68539
68531
68511
68507
68479
68467
68459
68451
68443
68435
68427
68379
68363
68351
68339
68331
68323
68315
68311
68291
68263
68255
68251
68243
68239
68235
68231
68215
68211
68207
68171
68151
68139
68131
68119
68115
68099
68079
68071
68063
68035
68019
68015
67995
67975
67971
67967
67963
67947
67943
67923
67915
67911
67891
67887
67843
67831
67823
67819
67815
67795
67783
67759
67747
67739
67719
67711
67703
67695
67691
67687
67683
67675
67659
67655
67639
67631
67611
67595
67567
67563
67551
67531
67503
67471
67467
67463
67455
67423
67403
67395
67391
67387
67383
67359
67347
67339
67335
67327
67323
67319
67315
67311
67291
67287
67247
67243
67223
67215
67207
67191
67187
67179
67163
67135
67115
67111
67107
67095
67091
67071
67063
67051
67043
67039
67027
66995
66991
66971
66963
66943
66935
66931
66907
66899
66883
66863
66851
66847
66811
66799
66771
66759
66755
66747
66735
66731
66723
66703
66671
66667
66619
66603
66595
66587
66571
66547
66543
66539
66507
66499
66487
66483
66471
66467
66463
66435
66423
66419
66415
66407
66399
66383
66375
66343
66331
66319
66311
66307
66299
66295
66291
66287
66259
66255
66247
66243
66235
66231
66227
66211
66199
66187
66175
66167
66163
66159
66151
66127
66123
66087
66083
66067
66059
66055
66051
66019
66015
66011
66003
65979
65959
65943
65931
65927
65923
65875
65847
65839
65823
65815
65807
65803
65787
65779
65759
65755
65751
65743
65739
65731
65723
65719
65715
65695
65687
65675
65667
65659
65639
65631
65595
65583
65571
65559
65555
65551
65483
65471
65455
65439
65435
65423
65415
65407
65403
65379
65375
65371
65347
65331
65327
65291
65287
65267
65243
65239
65235
65223
65219
65195
65191
65159
65155
65123
65107
65103
65087
65083
65079
65075
65011
64999
64979
64975
64963
64955
64951
64939
64923
64919
64911
64895
64875
64843
64835
64815
64811
64803
64795
64783
64775
64759
64747
64739
64727
64723
64703
64695
64679
64663
64659
64655
64651
64647
64623
64615
64611
64535
64503
64499
64495
64487
64475
64459
64451
64439
64431
64407
64403
64379
64371
64359
64355
64347
64339
64335
64323
64319
64315
64311
64299
64291
64279
64271
64267
64259
64247
64235
64227
64215
64207
64203
64195
64191
64183
64151
64135
64127
64115
64107
64083
64059
64031
64015
63995
63991
63975
63971
63967
63955
63943
63931
63875
63867
63851
63839
63831
63827
63807
63783
63779
63775
63771
63763
63755
63747
63735
63731
63723
63707
63663
63659
63655
63639
63603
63579
63559
63543
63535
63499
63491
63479
63475
63471
63459
63431
63383
63379
63351
63347
63331
63319
63311
63287
63263
63259
63215
63167
63163
63151
63127
63111
63103
63083
63075
63071
63067
63063
63055
63051
63039
63031
63027
63023
63007
63003
62975
62959
62943
62923
62919
62911
62907
62903
62899
62871
62855
62839
62831
62823
62819
62815
62811
62803
62795
62779
62763
62747
62739
62723
62719
62691
62687
62683
62679
62667
62651
62647
62635
62631
62623
62615
62607
62583
62567
62559
62543
62535
62527
62523
62519
62503
62487
62479
62447
62391
62387
62379
62371
62367
62363
62355
62347
62335
62331
62327
62319
62307
62303
62299
62295
62291
62251
62231
62219
62215
62195
62171
62163
62159
62143
62131
62127
62087
62075
62059
62047
62015
62007
62003
61995
61979
61963
61959
61935
61923
61919
61915
61863
61843
61835
61831
61819
61811
61807
61795
61783
61767
61751
61699
61679
61667
61639
61619
61603
61599
61575
61551
61527
61511
61499
61495
61491
61471
61447
61423
61419
61411
61403
61395
61391
61371
61367
61335
61307
61303
61275
61259
61255
61243
61235
61227
61199
61175
61159
61155
61151
61147
61143
61131
61127
61123
61119
61115
61111
61087
61083
61055
61047
61043
61039
61019
61015
61007
60995
60975
60963
60959
60939
60935
60919
60915
60907
60859
60851
60847
60835
60819
60787
60775
60767
60755
60739
60731
60707
60679
60675
60659
60639
60635
60627
60623
60615
60607
60599
60579
60567
60555
60539
60527
60523
60495
60487
60479
60471
60459
60455
60439
60415
60407
60391
60387
60375
60371
60355
60351
60327
60311
60283
60267
60263
60243
60231
60219
60207
60171
60151
60147
60135
60131
60115
60103
60095
60087
60083
60075
60071
60063
60051
60043
59979
59975
59971
59963
59955
59951
59947
59907
59903
59895
59859
59851
59847
59835
59823
59815
59795
59771
59747
59743
59739
59687
59671
59667
59639
59627
59611
59591
59575
59563
59551
59539
59535
59503
59499
59475
59459
59455
59447
59435
59419
59407
59399
59391
59387
59379
59367
59355
59351
59291
59279
59255
59239
59231
59227
59223
59219
59215
59207
59195
59191
59171
59155
59143
59127
59119
59099
59083
59075
59071
59067
59051
59035
59027
59019
59003
58963
58951
58931
58915
58903
58895
58891
58887
58883
58875
58859
58855
58847
58843
58839
58835
58819
58811
58803
58787
58775
58767
58763
58747
58743
58723
58715
58703
58695
58687
58683
58659
58639
58635
58631
58623
58619
58603
58591
58587
58571
58567
58559
58551
58507
58495
58467
58459
58443
58439
58415
58391
58379
58367
58355
58351
58343
58323
58295
58291
58287
58271
58267
58259
58255
58251
58247
58231
58223
58219
58195
58179
58171
58155
58123
58115
58111
58095
58035
58031
58023
58019
58007
57995
57991
57987
57983
57971
57947
57943
57935
57927
57915
57899
57867
57863
57859
57843
57835
57815
57807
57791
57771
57763
57759
57743
57739
57735
57715
57683
57663
57651
57639
57631
57615
57611
57607
57587
57551
57531
57523
57511
57491
57467
57459
57443
57411
57407
57391
57387
57379
57367
57363
57351
57347
57311
57307
57287
57283
57247
57243
57231
57223
57219
57171
57159
57155
57111
57107
57099
57083
57075
57067
57063
57059
57031
57015
57011
56991
56971
56967
56963
56947
56935
56923
56919
56891
56879
56863
56831
56827
56823
56807
56803
56783
56775
56767
56763
56719
56707
56687
56659
56631
56615
56607
56599
56595
56547
56535
56519
56499
56475
56455
56443
56435
56423
56411
56399
56383
56363
56351
56339
56323
56315
56303
56295
56279
56275
56263
56243
56239
56219
56211
56191
56179
56171
56159
56131
56083
56075
56071
56067
56063
56059
56035
56031
56023
55995
55975
55963
55947
55927
55915
55907
55879
55875
55863
55835
55811
55783
55735
55723
55711
55707
55703
55695
55655
55627
55615
55611
55583
55571
55567
55551
55547
55543
55519
55515
55507
55475
55471
55439
55435
55411
55403
55375
55367
55355
55351
55343
55331
55327
55315
55311
55303
55279
55251
55243
55211
55203
55199
55187
55183
55179
55135
55111
55087
55083
55075
55051
55023
55003
54995
54991
54975
54931
54911
54899
54891
54875
54863
54859
54839
54835
54831
54811
54807
54795
54791
54787
54767
54763
54747
54743
54731
54727
54715
54707
54703
54695
54683
54679
54643
54627
54611
54587
54547
54527
54519
54507
54499
54467
54463
54439
54435
54383
54359
54355
54351
54347
54339
54335
54327
54279
54271
54263
54231
54227
54207
54199
54191
54175
54167
54155
54143
54131
54123
54107
54099
54091
54051
54043
54035
54031
54023
54015
54007
54003
53987
53983
53979
53955
53947
53935
53907
53899
53879
53875
53867
53859
53855
53851
53847
53839
53823
53819
53815
53811
53803
53799
53779
53759
53739
53707
53687
53679
53663
53659
53655
53651
53647
53623
53619
53591
53583
53579
53571
53555
53547
53543
53535
53531
53519
53515
53507
53463
53459
53419
53407
53399
53395
53379
53367
53355
53351
53347
53327
53323
53303
53287
53283
53263
53259
53251
53247
53239
53207
53199
53175
53171
53155
53143
53115
53111
53103
53099
53091
53071
53059
53055
53027
53023
53007
52991
52971
52959
52931
52927
52907
52903
52887
52883
52879
52859
52843
52831
52819
52815
52807
52803
52799
52795
52787
52779
52771
52743
52739
52735
52723
52719
52707
52699
52695
52691
52667
52663
52659
52623
52619
52603
52599
52595
52591
52587
52575
52571
52563
52551
52543
52531
52515
52507
52495
52475
52471
52455
52439
52427
52423
52419
52415
52399
52395
52363
52343
52335
52315
52311
52271
52267
52255
52247
52243
52227
52219
52215
52195
52183
52163
52127
52079
52075
52067
52063
52059
52055
52051
52043
52027
52019
52015
52007
52003
51999
51995
51987
51983
51975
51951
51943
51935
51923
51895
51891
51887
51843
51839
51799
51795
51775
51771
51767
51759
51743
51735
51711
51707
51703
51699
51675
51655
51635
51631
51623
51619
51615
51607
51599
51583
51579
51563
51531
51527
51523
51519
51515
51499
51495
51479
51459
51447
51419
51411
51399
51391
51383
51375
51371
51355
51343
51327
51323
51315
51303
51299
51267
51239
51235
51231
51215
51207
51179
51155
51135
51131
51127
51115
51111
51095
51091
51071
51051
51023
51007
50999
50971
50967
50955
50947
50911
50907
50899
50883
50859
50831
50827
50823
50819
50815
50803
50791
50783
50779
50767
50755
50747
50727
50719
50707
50699
50691
50687
50683
50675
50619
50611
50591
50571
50559
50551
50543
50539
50535
50523
50503
50499
50487
50479
50475
50443
50431
50427
50391
50387
50375
50371
50367
50347
50323
50319
50315
50307
50291
50283
50279
50271
50235
50231
50223
50215
50211
50191
50183
50179
50115
50107
50095
50091
50067
50059
50043
50039
50035
50031
50023
50019
50015
50003
49991
49975
49939
49927
49923
49915
49911
49895
49879
49863
49839
49819
49815
49807
49803
49799
49795
49787
49775
49747
49739
49731
49707
49703
49647
49635
49623
49619
49615
49607
49595
49583
49579
49575
49567
49543
49535
49527
49515
49511
49503
49487
49467
49459
49427
49411
49407
49403
49399
49395
49379
49375
49371
49359
49347
49327
49319
49315
49279
49263
49255
49251
49235
49219
49211
49203
49199
49171
49159
49135
49131
49127
49123
49119
49111
49099
49079
49071
49059
49055
49035
49007
48987
48983
48979
48967
48959
48955
48947
48923
48919
48899
48895
48891
48879
48875
48843
48835
48827
48819
48811
48799
48795
48763
48755
48747
48743
48735
48727
48715
48707
48699
48687
48679
48675
48651
48631
48627
48607
48579
48575
48571
48567
48547
48535
48531
48527
48515
48507
48503
48463
48459
48455
48431
48423
48411
48403
48395
48335
48319
48315
48283
48263
48251
48223
48219
48215
48207
48187
48159
48143
48123
48111
48107
48095
48063
48059
48047
48039
48031
48007
47999
47991
47983
47959
47943
47919
47907
47899
47895
47871
47843
47819
47803
47799
47791
47755
47751
47743
47735
47727
47719
47703
47663
47655
47639
47619
47615
47595
47591
47587
47575
47571
47567
47555
47551
47539
47535
47519
47507
47503
47495
47479
47451
47443
47435
47427
47419
47411
47399
47391
47347
47315
47295
47287
47263
47247
47243
47223
47211
47195
47191
47187
47167
47147
47131
47127
47115
47111
47095
47087
47083
47075
47055
47051
47047
47027
46995
46979
46955
46951
46947
46935
46919
46911
46895
46879
46867
46863
46831
46827
46815
46811
46807
46767
46755
46743
46711
46687
46675
46667
46659
46655
46643
46631
46627
46607
46583
46579
46563
46555
46551
46547
46495
46491
46483
46459
46451
46443
46439
46415
46411
46403
46399
46395
46387
46383
46363
46359
46351
46347
46343
46327
46307
46299
46295
46223
46207
46195
46191
46183
46179
46159
46151
46127
46115
46107
46099
46087
46083
46079
46071
46059
46047
46019
46007
45991
45987
45983
45975
45971
45967
45959
45947
45943
45939
45931
45923
45903
45899
45895
45883
45875
45871
45863
45859
45823
45815
45811
45803
45755
45747
45723
45711
45691
45687
45679
45639
45631
45611
45603
45583
45571
45551
45547
45539
45531
45515
45495
45467
45463
45447
45439
45411
45387
45383
45355
45351
45343
45339
45335
45323
45311
45271
45255
45247
45235
45215
45191
45163
45147
45139
45135
45115
45111
45099
45095
45087
45083
45059
45031
45003
44991
44987
44983
44979
44971
44967
44963
44959
44943
44939
44935
44907
44871
44851
44823
44819
44815
44807
44803
44795
44791
44779
44775
44771
44767
44755
44751
44731
44723
44699
44691
44687
44679
44671
44659
44655
44643
44635
44631
44623
44615
44611
44607
44599
44583
44579
44555
44543
44539
44519
44515
44511
44499
44471
44459
44451
44439
44435
44415
44411
44399
44379
44371
44359
44351
44315
44307
44303
44275
44271
44263
44255
44243
44239
44231
44227
44211
44187
44179
44159
44123
44103
44095
44083
44075
44067
44063
44055
44047
43995
43975
43971
43967
43947
43943
43939
43919
43915
43903
43895
43843
43839
43815
43807
43799
43795
43791
43779
43747
43739
43727
43723
43707
43703
43699
43695
43687
43671
43667
43663
43655
43631
43603
43599
43591
43583
43571
43559
43527
43523
43519
43515
43507
43503
43499
43495
43491
43483
43475
43455
43435
43423
43415
43411
43403
43383
43379
43375
43363
43351
43347
43339
43335
43315
43307
43299
43295
43291
43283
43279
43263
43207
43199
43179
43171
43167
43159
43147
43139
43135
43119
43107
43091
43063
43051
43043
43027
43019
42999
42995
42991
42987
42975
42967
42939
42867
42855
42851
42847
42819
42795
42791
42779
42767
42755
42751
42747
42743
42731
42719
42711
42699
42679
42655
42647
42639
42635
42627
42603
42595
42587
42547
42535
42519
42511
42499
42491
42487
42479
42443
42423
42411
42407
42403
42395
42379
42375
42367
42359
42343
42315
42311
42291
42283
42275
42267
42263
42255
42235
42219
42203
42195
42179
42167
42163
42147
42131
42119
42115
42111
42095
42059
42055
42047
42043
42015
42011
42007
41999
41987
41959
41943
41939
41931
41927
41923
41883
41859
41855
41847
41819
41811
41791
41787
41783
41775
41763
41743
41731
41727
41715
41703
41683
41679
41667
41663
41659
41643
41639
41635
41615
41583
41571
41543
41527
41523
41519
41515
41503
41495
41479
41475
41467
41439
41423
41419
41403
41391
41383
41379
41371
41367
41363
41359
41311
41279
41275
41271
41263
41247
41211
41207
41199
41195
41187
41183
41175
41163
41159
41155
41147
41143
41127
41119
41111
41099
41091
41083
41079
41067
41047
41031
41015
40995
40991
40987
40979
40975
40971
40935
40927
40923
40907
40903
40899
40891
40875
40871
40843
40839
40835
40811
40807
40795
40779
40767
40751
40743
40739
40727
40715
40707
40703
40683
40679
40667
40655
40651
40643
40627
40623
40607
40587
40583
40575
40559
40555
40543
40539
40523
40515
40495
40483
40475
40451
40447
40435
40415
40411
40403
40335
40299
40295
40279
40267
40263
40243
40235
40227
40215
40207
40167
40155
40151
40143
40131
40119
40107
40099
40091
40083
40067
40063
40055
40051
40027
40011
40007
40003
39987
39983
39979
39975
39951
39947
39943
39935
39927
39895
39891
39887
39879
39867
39859
39855
39831
39823
39811
39807
39779
39775
39771
39755
39751
39747
39727
39715
39695
39675
39667
39663
39647
39623
39615
39607
39591
39575
39567
39563
39559
39551
39531
39507
39499
39483
39479
39471
39467
39463
39451
39447
39431
39427
39419
39411
39395
39379
39371
39363
39327
39319
39311
39303
39283
39255
39251
39239
39235
39227
39223
39219
39211
39203
39195
39179
39163
39159
39155
39151
39147
39143
39127
39123
39115
39083
39047
39027
39023
38995
38979
38971
38959
38955
38951
38939
38927
38919
38915
38907
38903
38895
38891
38883
38859
38851
38843
38839
38827
38799
38791
38783
38763
38751
38747
38739
38735
38731
38715
38703
38695
38683
38647
38635
38607
38603
38599
38595
38587
38571
38563
38559
38547
38543
38535
38527
38507
38467
38447
38439
38435
38407
38403
38399
38391
38387
38383
38371
38367
38363
38359
38351
38339
38323
38315
38307
38295
38287
38283
38267
38255
38251
38247
38243
38235
38223
38219
38215
38199
38187
38183
38175
38163
38159
38155
38151
38139
38127
38115
38111
38095
38071
38063
38059
38047
38039
38015
38003
37991
37979
37943
37939
37931
37911
37899
37895
37883
37879
37875
37855
37839
37819
37815
37795
37791
37783
37775
37771
37751
37743
37731
37723
37699
37691
37659
37655
37651
37643
37631
37627
37619
37615
37595
37591
37587
37583
37567
37563
37539
37531
37523
37503
37491
37487
37483
37463
37459
37443
37439
37431
37395
37387
37383
37371
37363
37359
37351
37339
37331
37319
37291
37287
37271
37235
37231
37183
37179
37171
37151
37143
37127
37095
37071
37047
37043
37019
37015
37003
36995
36991
36987
36963
36951
36947
36935
36923
36911
36875
36871
36867
36863
36843
36827
36815
36807
36795
36767
36763
36755
36751
36739
36731
36699
36679
36675
36671
36655
36651
36599
36595
36591
36563
36559
36503
36479
36447
36435
36415
36395
36387
36383
36343
36335
36331
36303
36299
36291
36287
36259
36223
36211
36207
36203
36191
36179
36167
36159
36139
36123
36115
36107
36103
36083
36079
36075
36071
36059
36055
36015
35995
35991
35975
35951
35947
35943
35939
35919
35915
35911
35887
35875
35867
35863
35855
35843
35835
35807
35791
35787
35783
35779
35775
35771
35767
35763
35759
35751
35747
35743
35739
35731
35715
35699
35695
35679
35651
35631
35627
35615
35611
35603
35587
35559
35543
35535
35491
35487
35475
35447
35435
35415
35395
35383
35355
35347
35339
35319
35315
35283
35271
35263
35259
35255
35243
35167
35135
35127
35119
35115
35107
35103
35099
35079
35063
35039
35027
35023
35015
35011
35003
34999
34995
34967
34963
34959
34951
34947
34943
34939
34931
34911
34891
34887
34859
34795
34779
34771
34763
34755
34739
34735
34731
34719
34695
34687
34679
34655
34647
34635
34623
34611
34599
34595
34575
34555
34547
34539
34519
34515
34507
34495
34487
34483
34475
34435
34427
34419
34415
34411
34391
34387
34371
34363
34355
34347
34343
34311
34307
34303
34283
34271
34259
34239
34207
34203
34199
34195
34187
34183
34175
34171
34151
34107
34103
34099
34075
34071
34067
34063
34055
34039
33995
33991
33983
33979
33963
33927
33923
33919
33903
33875
33843
33839
33827
33815
33811
33807
33795
33775
33763
33759
33743
33739
33735
33731
33715
33711
33703
33659
33655
33651
33647
33643
33639
33635
33631
33627
33623
33603
33583
33579
33571
33539
33531
33527
33519
33507
33503
33495
33479
33467
33443
33439
33427
33407
33395
33391
33387
33351
33339
33327
33323
33295
33283
33263
33247
33235
33231
33207
33187
33183
33175
33167
33159
33143
33139
33131
33127
33119
33115
33111
33107
33067
33063
33055
33043
33035
33019
33015
33011
33007
32979
32963
32943
32927
32919
32867
32863
32839
32835
32827
32823
32819
32791
32775
32763
32747
32719
32679
32675
32663
32603
32599
32591
32571
32555
32547
32543
32527
32519
32507
32503
32483
32455
32439
32431
32427
32419
32415
32395
32379
32355
32351
32343
32327
32319
32311
32291
32283
32279
32271
32263
32255
32231
32219
32211
32183
32179
32171
32167
32147
32143
32135
32127
32115
32099
32095
32087
32083
32039
32027
32023
31999
31987
31971
31967
31959
31955
31947
31943
31915
31903
31887
31875
31867
31831
31819
31811
31807
31771
31755
31743
31707
31683
31643
31639
31635
31623
31615
31579
31555
31551
31543
31515
31503
31495
31491
31487
31483
31471
31459
31443
31435
31411
31395
31335
31319
31303
31291
31287
31283
31279
31275
31271
31263
31247
31243
31219
31203
31191
31187
31163
31159
31139
31131
31127
31119
31107
31099
31095
31091
31075
31047
31043
31039
31027
31011
30987
30979
30971
30967
30963
30955
30951
30943
30927
30875
30855
30839
30835
30827
30811
30799
30791
30767
30747
30739
30727
30715
30707
30703
30687
30671
30667
30663
30647
30643
30631
30627
30623
30611
30603
30595
30555
30523
30519
30503
30487
30483
30475
30471
30467
30463
30447
30431
30411
30403
30395
30383
30375
30371
30367
30319
30307
30299
30263
30255
30251
30223
30219
30207
30195
30187
30183
30171
30167
30163
30143
30139
30135
30131
30119
30111
30103
30091
30083
30079
30067
30059
30051
30043
30039
30035
30015
30011
29995
29991
29983
29979
29975
29903
29895
29875
29871
29867
29863
29843
29819
29815
29807
29783
29771
29759
29731
29723
29711
29699
29687
29683
29675
29671
29667
29643
29639
29627
29607
29603
29591
29587
29567
29531
29527
29523
29515
29511
29459
29455
29451
29431
29415
29407
29403
29395
29391
29387
29367
29355
29351
29307
29303
29287
29255
29247
29243
29215
29199
29195
29167
29163
29159
29155
29151
29131
29123
29111
29091
29075
29063
29043
29031
29027
29023
29011
28991
28983
28975
28963
28959
28915
28911
28895
28867
28863
28843
28823
28819
28815
28807
28803
28799
28791
28783
28775
28771
28755
28751
28743
28739
28723
28715
28711
28703
28675
28671
28655
28647
28643
28627
28619
28615
28607
28595
28527
28519
28515
28511
28495
28487
28483
28463
28459
28447
28439
28435
28415
28395
28387
28383
28379
28375
28367
28355
28347
28335
28323
28311
28307
28303
28291
28247
28239
28231
28227
28215
28211
28207
28203
28195
28179
28171
28159
28135
28127
28119
28115
28111
28103
28099
28095
28051
28043
28039
28035
28031
28007
28003
27995
27991
27967
27963
27943
27931
27927
27887
27871
27863
27859
27839
27827
27823
27799
27783
27759
27751
27743
27723
27719
27707
27699
27695
27675
27671
27667
27663
27643
27635
27631
27623
27611
27603
27591
27587
27583
27563
27551
27547
27543
27535
27507
27495
27475
27467
27463
27455
27451
27447
27439
27427
27423
27411
27407
27399
27395
27391
27379
27371
27347
27311
27307
27303
27299
27295
27275
27267
27263
27251
27231
27227
27223
27211
27175
27159
27151
27135
27115
27067
27047
27043
27019
26991
26983
26971
26947
26939
26911
26907
26895
26875
26871
26863
26859
26851
26839
26787
26783
26779
26771
26755
26719
26703
26699
26695
26683
26675
26663
26647
26639
26635
26587
26583
26579
26575
26571
26567
26563
26559
26555
26547
26543
26531
26503
26499
26491
26487
26459
26443
26439
26435
26411
26391
26387
26375
26355
26343
26319
26315
26311
26303
26295
26251
26247
26243
26235
26231
26227
26223
26215
26211
26179
26143
26131
26127
26119
26115
26111
26107
26103
26095
26083
26075
26071
26059
26055
26039
26035
26023
26015
26011
26003
25999
25979
25967
25963
25939
25935
25931
25923
25919
25911
25891
25887
25859
25835
25831
25819
25815
25807
25791
25779
25775
25751
25739
25731
25727
25699
25695
25691
25683
25679
25655
25643
25635
25623
25619
25611
25571
25567
25559
25547
25543
25531
25523
25511
25491
25487
25479
25475
25467
25435
25427
25423
25407
25403
25359
25335
25323
25319
25299
25287
25283
25275
25259
25255
25247
25243
25223
25191
25187
25183
25179
25163
25155
25135
25127
25115
25111
25107
25087
25075
25071
25015
25011
25003
24999
24991
24967
24959
24943
24939
24919
24907
24895
24891
24887
24879
24867
24855
24835
24831
24819
24811
24791
24787
24783
24771
24763
24743
24731
24723
24715
24711
24683
24679
24671
24667
24655
24651
24631
24627
24623
24611
24603
24591
24583
24567
24563
24559
24555
24551
24547
24523
24511
24499
24495
24483
24471
24463
24455
24447
24435
24423
24379
24375
24359
24347
24339
24335
24311
24291
24259
24251
24239
24235
24195
24191
24183
24155
24151
24143
24111
24099
24083
24079
24075
24071
24043
24039
24031
24015
23995
23979
23959
23955
23951
23947
23943
23939
23935
23915
23867
23859
23855
23843
23827
23783
23767
23755
23739
23731
23727
23703
23695
23691
23687
23639
23635
23619
23607
23599
23591
23575
23571
23567
23547
23539
23531
23523
23491
23475
23471
23467
23455
23423
23419
23415
23399
23391
23331
23323
23319
23311
23299
23291
23287
23275
23271
23243
23235
23215
23191
23187
23175
23167
23163
23151
23123
23119
23115
23107
23103
23099
23087
23071
23055
23035
23031
23019
22991
22983
22923
22919
22911
22907
22903
22887
22883
22855
22847
22839
22831
22827
22823
22819
22803
22799
22795
22771
22747
22739
22719
22695
22691
22683
22671
22651
22643
22619
22611
22599
22579
22571
22567
22563
22555
22551
22523
22507
22495
22491
22483
22475
22463
22451
22447
22439
22435
22427
22415
22391
22383
22379
22359
22311
22295
22283
22279
22275
22267
22259
22251
22247
22243
22215
22191
22179
22151
22127
22123
22099
22095
22087
22055
22031
22027
22019
22011
22007
21995
21987
21979
21959
21955
21951
21939
21935
21931
21927
21919
21911
21899
21895
21883
21875
21867
21863
21855
21851
21843
21839
21835
21831
21819
21815
21799
21791
21779
21775
21771
21767
21755
21743
21735
21719
21707
21703
21691
21683
21667
21651
21643
21627
21623
21595
21587
21575
21571
21499
21487
21483
21455
21443
21435
21407
21399
21395
21379
21375
21347
21343
21331
21291
21287
21283
21263
21259
21255
21239
21215
21207
21199
21195
21183
21175
21167
21159
21155
21143
21131
21127
21111
21103
21087
21083
21079
21059
21055
21047
21039
21035
21023
21015
20995
20975
20971
20967
20955
20951
20923
20919
20903
20895
20887
20879
20875
20859
20855
20847
20835
20823
20811
20787
20775
20763
20743
20723
20703
20695
20691
20683
20667
20663
20643
20639
20619
20611
20591
20551
20535
20515
20511
20507
20503
20495
20491
20483
20459
20447
20427
20415
20407
20363
20359
20335
20331
20319
20299
20291
20283
20275
20267
20259
20255
20247
20243
20239
20231
20223
20211
20203
20199
20195
20167
20151
20135
20127
20115
20111
20095
20047
20039
20003
19987
19983
19955
19927
19903
19883
19843
19811
19783
19779
19767
19759
19755
19747
19731
19719
19715
19699
19671
19667
19659
19639
19627
19623
19615
19607
19603
19591
19587
19583
19579
19571
19563
19559
19523
19515
19511
19507
19503
19499
19479
19471
19467
19455
19451
19443
19411
19387
19383
19379
19371
19359
19347
19339
19315
19303
19299
19295
19287
19267
19263
19259
19219
19211
19203
19175
19171
19167
19163
19147
19119
19115
19111
19083
19071
19067
19059
19051
19047
19011
18999
18991
18987
18979
18959
18947
18943
18927
18923
18903
18899
18887
18883
18859
18855
18835
18823
18807
18803
18791
18759
18739
18735
18731
18723
18719
18715
18711
18703
18691
18679
18647
18639
18635
18631
18595
18579
18571
18559
18543
18539
18531
18519
18515
18507
18495
18491
18483
18475
18455
18419
18411
18407
18399
18395
18387
18363
18355
18343
18323
18319
18315
18287
18275
18267
18259
18251
18243
18239
18231
18227
18223
18207
18203
18195
18179
18159
18135
18131
18123
18119
18115
18111
18107
18087
18063
18047
18035
18031
18027
18023
17999
17983
17975
17963
17959
17943
17939
17931
17919
17911
17891
17879
17867
17843
17839
17831
17823
17815
17791
17787
17783
17775
17771
17767
17731
17723
17715
17711
17695
17663
17639
17615
17611
17579
17571
17567
17551
17547
17539
17527
17523
17515
17503
17499
17487
17479
17475
17471
17459
17455
17451
17443
17435
17427
17415
17399
17395
17391
17383
17375
17367
17327
17295
17291
17287
17267
17255
17251
17243
17231
17223
17215
17179
17171
17167
17159
17155
17139
17123
17115
17107
17079
17063
17011
17003
16987
16971
16963
16959
16939
16931
16919
16915
16899
16883
16867
16851
16843
16839
16827
16823
16815
16795
16783
16779
16775
16759
16747
16727
16723
16699
16687
16679
16667
16655
16647
16627
16611
16591
16583
16567
16555
16543
16535
16491
16487
16479
16471
16459
16423
16419
16411
16387
16375
16335
16315
16299
16279
16263
16255
16243
16215
16191
16183
16179
16171
16167
16159
16155
16151
16127
16119
16115
16107
16095
16083
16075
16071
16055
16051
16035
15983
15967
15963
15955
15923
15911
15907
15887
15871
15863
15855
15851
15815
15783
15747
15739
15735
15707
15703
15699
15695
15691
15643
15639
15623
15599
15595
15587
15583
15579
15575
15571
15567
15563
15551
15547
15535
15531
15519
15507
15503
15499
15491
15483
15467
15463
15455
15435
15383
15367
15359
15355
15351
15347
15331
15323
15319
15299
15259
15235
15231
15203
15195
15179
15163
15147
15123
15079
15071
15067
15051
15047
15039
15031
15007
15003
14955
14947
14939
14923
14903
14895
14891
14879
14867
14863
14839
14811
14807
14795
14775
14771
14767
14763
14759
14747
14743
14731
14723
14719
14707
14695
14691
14683
14675
14639
14635
14619
14607
14599
14579
14575
14571
14543
14535
14531
14523
14515
14511
14495
14483
14463
14447
14427
14415
14411
14387
14383
14379
14367
14359
14351
14347
14339
14315
14303
14299
14283
14271
14263
14247
14235
14215
14203
14199
14195
14179
14155
14151
14135
14095
14091
14079
14051
14035
14015
14003
13999
13995
13975
13971
13959
13955
13951
13923
13919
13911
13899
13883
13879
13875
13867
13863
13843
13835
13811
13795
13791
13759
13747
13727
13703
13699
13691
13663
13651
13619
13603
13599
13579
13571
13555
13535
13531
13499
13475
13443
13415
13411
13407
13399
13395
13391
13359
13339
13303
13299
13247
13243
13239
13235
13219
13215
13211
13203
13199
13187
13163
13155
13151
13147
13111
13083
13079
13075
13067
13055
13051
13043
13039
13015
13011
12995
12975
12963
12955
12927
12919
12915
12911
12891
12879
12875
12871
12863
12855
12847
12843
12831
12815
12803
12795
12783
12775
12771
12759
12755
12751
12747
12743
12731
12727
12723
12707
12671
12667
12659
12655
12643
12627
12611
12607
12579
12571
12551
12535
12519
12515
12511
12491
12475
12455
12451
12407
12375
12367
12351
12347
12335
12327
12319
12315
12311
12307
12299
12295
12287
12263
12251
12247
12235
12211
12207
12203
12183
12179
12171
12159
12147
12143
12131
12127
12107
12087
12083
12075
12071
12007
11999
11995
11987
11975
11951
11947
11943
11923
11919
11915
11899
11883
11879
11875
11867
11863
11855
11851
11839
11835
11831
11823
11803
11795
11787
11759
11731
11727
11723
11711
11699
11687
11663
11647
11631
11619
11615
11611
11607
11599
11587
11583
11555
11539
11507
11495
11475
11467
11447
11439
11423
11415
11411
11407
11395
11363
11347
11335
11323
11307
11303
11283
11267
11259
11255
11215
11211
11203
11199
11179
11175
11171
11155
11147
11139
11131
11103
11095
11091
11083
11079
11071
11059
11055
11051
11027
11011
10999
10979
10971
10963
10955
10947
10935
10927
10907
10903
10887
10879
10875
10871
10867
10855
10851
10843
10823
10811
10807
10791
10787
10783
10775
10759
10699
10675
10671
10663
10655
10639
10623
10595
10591
10587
10579
10567
10551
10535
10523
10519
10503
10491
10487
10483
10475
10455
10443
10415
10411
10399
10387
10383
10375
10371
10367
10351
10343
10327
10291
10287
10283
10267
10259
10255
10243
10231
10207
10179
10175
10171
10167
10163
10155
10139
10135
10131
10123
10107
10087
10083
10075
10055
10047
10039
10031
10027
9991
9967
9955
9939
9935
9923
9919
9915
9891
9875
9859
9807
9803
9795
9791
9787
9783
9771
9759
9755
9751
9743
9735
9727
9711
9703
9663
9655
9627
9611
9559
9555
9543
9527
9519
9503
9499
9487
9483
9471
9467
9463
9447
9439
9435
9427
9419
9415
9411
9383
9367
9363
9355
9351
9327
9323
9319
9315
9283
9275
9271
9251
9243
9203
9191
9171
9167
9163
9159
9147
9135
9131
9107
9099
9091
9087
9083
9075
9067
9031
9011
9007
9003
8987
8971
8947
8943
8939
8935
8931
8923
8887
8839
8831
8815
8799
8791
8779
8775
8755
8735
8723
8715
8707
8703
8695
8691
8679
8675
8667
8651
8647
8635
8627
8623
8595
8583
8575
8567
8555
8543
8535
8527
8515
8491
8487
8463
8455
8443
8435
8419
8411
8407
8395
8391
8383
8379
8359
8331
8323
8319
8311
8299
8247
8243
8203
8195
8191
8179
8167
8159
8147
8131
8127
8115
8111
8107
8083
8079
8067
8051
8047
8023
8019
7991
7975
7971
7919
7899
7879
7875
7871
7847
7839
7807
7799
7795
7775
7763
7755
7731
7723
7711
7687
7683
7679
7647
7639
7635
7631
7623
7619
7611
7595
7579
7571
7559
7555
7551
7515
7511
7487
7455
7447
7439
7419
7415
7407
7399
7395
7391
7383
7343
7339
7327
7303
7283
7259
7251
7235
7219
7203
7183
7155
7151
7139
7131
7127
7119
7095
7091
7079
7075
7071
7051
7043
7039
7031
7027
7023
7011
6999
6955
6951
6943
6931
6919
6887
6867
6855
6839
6835
6827
6807
6799
6787
6783
6771
6767
6759
6731
6727
6719
6711
6707
6699
6667
6659
6651
6639
6619
6611
6607
6603
6579
6571
6567
6535
6531
6527
6519
6511
6503
6483
6479
6471
6459
6443
6431
6403
6395
6391
6383
6379
6367
6347
6311
6307
6303
6295
6287
6239
6219
6211
6207
6195
6179
6175
6151
6147
6139
6119
6107
6103
6091
6087
6079
6055
6051
6043
6023
6015
6007
5991
5979
5975
5967
5963
5939
5895
5887
5871
5851
5843
5831
5823
5803
5771
5763
5743
5739
5735
5719
5711
5703
5687
5671
5667
5655
5651
5643
5639
5635
5619
5615
5591
5571
5555
5547
5543
5531
5527
5499
5475
5463
5459
5443
5439
5435
5407
5387
5371
5327
5315
5287
5267
5251
5247
5231
5223
5215
5207
5203
5187
5183
5179
5171
5159
5139
5135
5131
5119
5115
5095
5079
5063
5059
5027
5019
5015
5003
4999
4991
4975
4971
4959
4951
4939
4935
4923
4907
4899
4887
4875
4867
4863
4855
4847
4811
4763
4755
4735
4723
4715
4711
4707
4695
4679
4671
4663
4639
4635
4627
4623
4615
4603
4599
4587
4583
4575
4547
4543
4539
4531
4487
4471
4467
4459
4443
4427
4411
4367
4363
4339
4335
4331
4287
4283
4275
4271
4251
4247
4235
4231
4223
4219
4215
4203
4183
4167
4163
4147
4139
4135
4131
4123
4115
4103
4087
4083
4055
4047
4035
4031
4019
4003
3995
3987
3971
3963
3951
3911
3903
3899
3895
3875
3871
3859
3851
3847
3843
3835
3791
3787
3767
3751
3747
3743
3739
3731
3715
3703
3687
3683
3663
3659
3647
3635
3631
3611
3607
3587
3579
3571
3559
3555
3547
3535
3515
3499
3495
3483
3479
3475
3471
3467
3451
3439
3435
3423
3419
3407
3391
3363
3359
3355
3339
3335
3331
3323
3319
3307
3295
3279
3267
3247
3227
3211
3203
3179
3175
3167
3143
3139
3131
3119
3083
3075
3055
3043
3015
2995
2979
2975
2971
2967
2959
2955
2927
2915
2891
2875
2871
2867
2863
2851
2843
2827
2819
2815
2799
2795
2787
2775
2771
2735
2731
2703
2683
2679
2675
2659
2631
2627
2623
2619
2611
2607
2603
2599
2591
2587
2583
2567
2551
2547
2531
2511
2499
2487
2483
2459
2451
2447
2443
2427
2415
2411
2403
2387
2379
2331
2319
2315
2311
2307
2303
2275
2267
2263
2255
2235
2211
2203
2199
2191
2187
2167
2155
2147
2139
2135
2131
2127
2111
2087
2079
2055
2051
2047
2043
2027
2023
2019
1995
1971
1947
1943
1931
1907
1895
1891
1855
1851
1839
1835
1823
1819
1791
1787
1747
1735
1687
1683
1675
1671
1651
1619
1615
1591
1579
1563
1551
1547
1511
1483
1479
1467
1463
1451
1447
1431
1423
1411
1407
1403
1387
1375
1367
1359
1351
1339
1331
1327
1323
1315
1299
1291
1283
1271
1263
1247
1231
1223
1219
1215
1195
1187
1167
1155
1143
1123
1115
1071
1051
1047
1027
1019
1015
979
971
951
943
939
923
919
915
903
891
887
855
843
827
823
799
787
775
767
763
751
747
743
731
719
715
695
683
663
643
639
635
631
627
619
567
559
535
527
519
507
503
499
491
487
479
463
455
447
435
431
427
419
395
387
379
371
359
355
343
331
327
311
303
299
271
223
219
207
171
163
159
131
103
99
83
79
71
43
23
15
